002804049X,1,5.0000	
006113774X,1,4.0000	
013035211X,7,5.0000	
014029323X,15,4.1333	
019434469X,2,5.0000	
019507386X,1,5.0000	
019508022X,3,5.0000	
019509042X,2,5.0000	
019823693X,1,5.0000	
019825847X,3,4.3333	
020171972X,1,4.0000	
020177321X,5,4.2000	
025321761X,1,1.0000	
025334364X,4,4.7500	
029271159X,3,5.0000	
031022778X,16,4.8125	
032133020X,3,4.3333	
034546172X,7,4.5714	
037380234X,4,4.0000	
039332849X,19,3.7895	
041505771X,1,2.0000	
041514258X,1,4.0000	
041516835X,1,2.0000	
041523168X,2,5.0000	
047117727X,4,4.7500	
048627618X,5,4.6000	
048641745X,12,4.0000	
051758512X,10,3.7000	
052101090X,1,1.0000	
052125678X,2,5.0000	
055329993X,20,3.0000	
055357857X,26,4.1154	
059521360X,2,5.0000	
061902089X,5,4.4000	
066422685X,7,4.8571	
066422802X,19,4.6842	
067232802X,9,3.0000	
067978179X,10,4.6000	
068984381X,12,4.9167	
069111515X,2,4.0000	
073820451X,25,3.5600	
073852008X,7,4.5714	
074254690X,2,3.0000	
074324995X,7,4.8571	
075965980X,2,5.0000	
076032199X,37,4.0000	
076151340X,20,4.4500	
076195404X,1,5.0000	
076197864X,4,5.0000	
076617235X,1,5.0000	
078214165X,5,3.8000	
078611343X,2,3.5000	
078794288X,23,4.0435	
080102692X,5,4.4000	
080106502X,22,3.5000	
080148412X,2,3.0000	
080240734X,11,3.9091	
080280120X,3,3.3333	
080284734X,2,5.0000	
080583818X,1,4.0000	
080712866X,1,4.0000	
080784232X,5,4.4000	
080913280X,3,4.6667	
080913778X,1,4.0000	
081301493X,2,5.0000	
081302627X,4,4.5000	
082032342X,2,4.5000	
082561645X,2,4.5000	
082631886X,1,5.0000	
082651362X,1,5.0000	
082760520X,4,3.7500	
083580948X,2,5.0000	
084931920X,1,5.0000	
084990207X,1,4.0000	
086171492X,6,4.6667	
087123811X,3,4.3333	
087154234X,6,4.1667	
087159868X,1,5.0000	
087630563X,1,5.0000	
087840385X,1,4.0000	
088388061X,4,3.5000	
088864390X,1,4.0000	
089689147X,8,3.2500	
089729985X,1,3.0000	
089733261X,4,5.0000	
091897304X,16,4.0000	
093678346X,6,5.0000	
093829458X,18,3.1111	
094088061X,4,4.2500	
095514132X,3,5.0000	
096278415X,3,5.0000	
096489744X,3,5.0000	
096581081X,2,5.0000	
096663893X,24,4.2917	
096697106X,1,1.0000	
096701770X,3,4.0000	
096710680X,7,4.4286	
096882742X,3,3.3333	
097148676X,2,3.0000	
097420613X,30,4.7667	
097536880X,9,4.8889	
121370305,2,5.0000	
123965616,1,4.0000	
130114960,8,2.7500	
130198552,9,2.0000	
130224952,1,3.0000	
130225576,6,4.3333	
130263052,6,2.6667	
130352179,3,5.0000	
130974625,4,4.7500	
136730620,3,4.6667	
1400042704,144,4.4514	
1400152798,11,3.0000	
1401002854,3,5.0000	
1401004024,4,4.7500	
1401020038,1,5.0000	
1401023770,1,5.0000	
1401033997,1,3.0000	
1401040306,8,5.0000	
1401045235,2,5.0000	
1401054811,7,4.8571	
1401072070,1,4.0000	
140120256X,35,4.6286	
140141499,6,2.3333	
1402161840,1,5.0000	
1403300763,2,2.0000	
1403315892,17,3.6471	
1403395101,3,5.0000	
1403903514,1,5.0000	
1404202811,1,2.0000	
1404204032,1,1.0000	
1404229280,1,5.0000	
1404313451,6,4.0000	
140435190,4,3.5000	
1405100648,3,5.0000	
1410712818,2,5.0000	
1410713466,1,5.0000	
1410717720,7,2.8571	
1410718344,1,5.0000	
1410730026,2,5.0000	
1410786390,2,4.5000	
1411610628,2,5.0000	
1411632141,6,4.6667	
1411673352,1,5.0000	
1411689003,2,5.0000	
1412003903,5,4.2000	
141200392X,4,5.0000	
141207259X,1,5.0000	
1413405290,1,5.0000	
1413419747,1,3.0000	
1413430805,3,4.6667	
1413432077,3,4.6667	
1413472664,4,2.0000	
1413498485,4,4.2500	
1413740510,1,5.0000	
1413741185,3,5.0000	
1413745466,4,1.5000	
1413749720,1,5.0000	
141390123,32,4.4375	
1414002920,4,4.0000	
141402505X,1,5.0000	
1414103336,1,5.0000	
1414103360,14,4.7857	
1414103387,4,4.7500	
1414243820,11,4.3636	
1416903658,9,3.5556	
141690798X,11,4.6364	
1417627530,539,4.0427	
1417906170,9,3.6667	
1417937211,1,3.0000	
1418404578,3,4.6667	
1418426040,1,2.0000	
1418430714,14,4.2857	
1418492892,2,5.0000	
1418508756,11,4.2727	
1419117777,2,3.5000	
1419129090,18,4.0556	
1419179802,3,4.3333	
1419190938,1,5.0000	
1419612018,1,5.0000	
1420816799,1,3.0000	
1420826972,8,5.0000	
1420832735,2,3.5000	
1420832786,3,5.0000	
1420848410,1,5.0000	
1420880438,1,5.0000	
1421808536,5,3.8000	
142437824,1,4.0000	
1425329322,1,5.0000	
1425905730,1,1.0000	
152023720,8,4.8750	
152323201,2,5.0000	
152438173,30,4.6333	
1550651315,1,3.0000	
1550651366,1,5.0000	
1551641941,2,5.0000	
1552451275,1,4.0000	
1553940415,5,3.6000	
155404121X,3,4.3333	
1555178421,12,4.9167	
1555178448,3,3.6667	
1555520367,4,3.5000	
1555913253,2,4.5000	
1556201885,2,5.0000	
1556228252,1,5.0000	
1556616260,6,5.0000	
1557345422,13,3.6923	
1557429227,64,3.8281	
1557984557,9,4.1111	
1557988811,5,4.8000	
1557988889,10,4.9000	
1558194746,2,5.0000	
1558217096,15,4.4667	
1558322132,7,4.5714	
1558489010,1,5.0000	
1558489037,8,4.1250	
1558614605,1,5.0000	
1558614656,1,4.0000	
1558615229,2,3.0000	
1558686959,2,5.0000	
1558746137,5,5.0000	
1558850600,11,4.9091	
1558851275,1,5.0000	
1560000643,1,4.0000	
1560005548,1,5.0000	
156006243,39,3.9744	
1560242167,1,4.0000	
1560256672,21,4.7143	
1560256699,6,4.5000	
1561012726,3,3.6667	
1561452742,5,4.8000	
1561452769,16,4.3750	
156148380X,3,4.6667	
1561583677,7,4.2857	
1561584223,8,3.1250	
156158424X,10,4.9000	
1561632139,1,5.0000	
1561704601,55,4.0364	
1561709530,6,4.5000	
1562539191,2,4.0000	
1562790528,12,4.3333	
1562791125,1,5.0000	
1562863665,2,4.5000	
1562921622,6,5.0000	
1563088959,1,3.0000	
1563382962,2,4.0000	
1563383586,2,5.0000	
1563384108,2,3.5000	
1563897288,9,4.4444	
1564594769,1,5.0000	
1564772942,11,4.8182	
1565491904,1,5.0000	
1565843606,1,3.0000	
1565843630,3,4.6667	
1565844254,12,4.7500	
1565848586,3,3.3333	
1566394619,6,4.3333	
1566562619,1,5.0000	
1566635705,2,5.0000	
1566635780,9,3.5556	
156663637X,11,4.5455	
1567202926,1,5.0000	
1567202977,8,4.6250	
1567502407,1,3.0000	
1567921582,7,4.2857	
1567922104,4,4.5000	
1568219938,2,5.0000	
1568330812,4,5.0000	
1568382820,6,4.0000	
1568388373,6,5.0000	
1568581939,35,3.7429	
1568985649,3,5.0000	
157003088X,1,4.0000	
157025141X,2,4.5000	
1570671141,9,4.3333	
1571662308,6,4.6667	
157188176X,17,4.5882	
1571972064,14,4.7143	
1572233834,3,5.0000	
1572233885,3,3.0000	
1572235004,5,3.6000	
1572306998,2,3.5000	
1572307595,6,4.3333	
1572308141,1,4.0000	
1572308192,1,5.0000	
1572434198,3,4.6667	
1572438479,10,4.1000	
1572490799,2,5.0000	
1573225622,5,4.4000	
1573229954,5,4.2000	
1573241687,9,4.8889	
1573247189,1,5.0000	
1573833665,3,5.0000	
1573927643,6,4.1667	
1573928291,16,4.2500	
1574090909,3,4.6667	
1574090933,10,4.9000	
157409095X,4,4.2500	
1574091506,6,4.0000	
1574091530,9,3.7778	
1574092154,2,4.0000	
1574442686,7,4.5714	
1574443259,6,3.8333	
1574531786,7,4.2857	
1575029863,5,2.8000	
1575250756,2,5.0000	
1575251302,8,4.8750	
157525137X,1,5.0000	
1575451042,4,4.7500	
1575451069,57,4.4035	
1576750795,10,4.9000	
1576751392,8,4.1250	
1577344383,2,4.5000	
157749122X,1,5.0000	
1577941608,6,4.8333	
1577946537,1,5.0000	
1578063345,5,4.2000	
1578063396,8,5.0000	
1578194253,4,4.7500	
157826183X,5,5.0000	
1578261864,17,3.7059	
1578630177,4,4.5000	
1578702666,11,4.4545	
1579620728,3,4.0000	
158005093X,32,4.7188	
1580050964,7,4.8571	
1580051588,4,5.0000	
1580460461,1,5.0000	
1580626955,14,4.6429	
1580627579,6,3.5000	
158080084X,1,4.0000	
1580910890,17,3.7059	
1581054017,1,5.0000	
158112712X,9,3.8889	
158115271X,7,4.2857	
1581347162,8,5.0000	
1582405913,2,4.5000	
158240593X,5,4.4000	
1582700567,2,4.0000	
158333100X,13,4.6154	
1583331085,4,3.7500	
1583670610,2,4.0000	
1583671234,4,3.5000	
1584280204,8,4.3750	
1584280255,5,3.0000	
1584793384,18,4.3333	
1584883006,2,5.0000	
1585003719,2,5.0000	
1585003794,11,4.6364	
1585008621,10,4.3000	
1585008648,3,5.0000	
1585008672,7,4.4286	
1585008699,1,5.0000	
1585092630,30,4.0333	
1585130346,5,3.6000	
1585130397,6,2.6667	
1585160814,6,5.0000	
1585181730,1,4.0000	
1585182354,5,4.2000	
1585423416,7,4.1429	
1585424064,11,4.4545	
1585953156,3,5.0000	
1585953180,1,5.0000	
1586670972,2,5.0000	
1586855220,7,4.7143	
1587155109,1,4.0000	
1587158868,25,4.4000	
1587887606,3,5.0000	
1588115267,1,5.0000	
1588200035,1,2.0000	
1588204391,4,4.7500	
1588381706,5,4.4000	
1588381781,1,5.0000	
1588512800,5,5.0000	
1588514099,1,5.0000	
158851837X,4,4.2500	
1589394461,1,5.0000	
1589630696,1,3.0000	
1589793218,6,4.1667	
1589793242,1,1.0000	
1590030311,8,4.8750	
1590030338,2,4.5000	
1590030389,10,4.8000	
1590170822,2,4.0000	
1590170849,2,5.0000	
159017089X,1,3.0000	
1590171497,10,4.5000	
1590301943,6,4.0000	
1590340094,2,5.0000	
1590481151,1,4.0000	
1590521951,21,4.7143	
1590523121,11,4.5455	
1590523148,9,4.5556	
1590523172,446,4.2803	
1590560051,4,5.0000	
1590590597,3,4.6667	
1590591119,3,2.3333	
1590591143,7,3.0000	
159059116X,3,2.6667	
1590591194,14,3.7143	
1590594827,4,1.7500	
1590594851,6,4.1667	
1590595424,8,4.1250	
1590595475,8,3.8750	
1591020913,23,4.6957	
159102093X,2,3.0000	
1591020964,2,5.0000	
1591022134,1,4.0000	
1591022185,17,4.8824	
1591137004,3,5.0000	
1591137055,4,4.5000	
1591146607,4,4.7500	
1591146631,3,5.0000	
1591166950,1,4.0000	
1591167523,7,5.0000	
159116754X,3,4.6667	
1591292956,4,5.0000	
1591293502,1,5.0000	
1591297885,2,4.5000	
1591582342,2,5.0000	
1591602823,3,4.6667	
159160284X,3,5.0000	
1591603420,1,4.0000	
1591603471,2,5.0000	
1591604095,2,5.0000	
1591607752,1,5.0000	
1591666198,1,5.0000	
1591823404,3,4.3333	
1591840090,6,4.5000	
1591858828,158,3.6519	
1592323006,9,4.1111	
1592761852,1,5.0000	
1592850952,18,4.7778	
1593083238,74,4.1622	
1593303432,1,5.0000	
1593303459,3,4.3333	
1593303483,3,5.0000	
1593350538,175,4.2457	
1593359799,28,4.1071	
1593371403,2,5.0000	
1593371454,5,4.6000	
1593540051,1,5.0000	
1594142610,2,3.5000	
1594142688,2,4.0000	
1594143234,4,4.7500	
1594200696,89,4.2022	
1594567263,655,4.2733	
159467177X,2,3.0000	
1594676682,2,5.0000	
1594677204,4,4.5000	
1594730385,1,5.0000	
159493004X,6,5.0000	
1594930074,40,4.4000	
1595081607,1,3.0000	
1596001100,108,4.6944	
1596006080,114,2.8860	
1596221135,1,5.0000	
1597521434,9,4.6667	
1597813931,1,5.0000	
1597819409,1,5.0000	
1598990128,2,4.5000	
1840593482,2,4.5000	
1841133809,1,5.0000	
1841951765,5,3.8000	
1842273175,2,3.5000	
1842837850,20,4.2000	
1842837877,2,3.0000	
1843101718,2,5.0000	
184310721X,6,4.8333	
1843107244,1,1.0000	
1843762366,1,5.0000	
1844072452,1,5.0000	
1844151352,2,5.0000	
1844250601,1,5.0000	
1844250628,12,4.0000	
1844250652,2,5.0000	
184467522X,1,5.0000	
1846370388,9,4.1111	
1850441332,1,5.0000	
1850896429,11,4.4545	
1852428619,1,5.0000	
1853918490,40,4.4750	
185391908X,17,4.5882	
1855205246,2,2.5000	
185728237X,1,2.0000	
1857443950,25,3.7200	
1858561795,1,5.0000	
1859060722,1,5.0000	
1860744370,9,4.2222	
1861081197,3,5.0000	
1861263678,2,4.5000	
1872004199,5,4.6000	
1873938241,3,4.3333	
1875559345,3,2.6667	
1878569864,2,4.5000	
1878823205,3,4.0000	
1878823280,7,3.7143	
1878891251,1,5.0000	
1879159163,11,4.6364	
1879194899,1,4.0000	
1879378523,5,4.8000	
1879505312,4,3.7500	
1880685221,91,4.0879	
1880685248,9,3.7778	
1880685272,3,4.6667	
1881163385,1,5.0000	
1881273377,44,4.9545	
1881515060,1,5.0000	
1882190866,5,4.2000	
1882593979,17,4.8235	
188260119X,2,4.0000	
1882982584,1,5.0000	
1882983157,1,5.0000	
1883011051,2,5.0000	
1883011078,19,4.6316	
1883220319,4,4.2500	
1883249872,4,4.2500	
1883249899,7,3.1429	
1883283094,7,4.8571	
1883319250,21,4.4762	
1883319277,1,5.0000	
1883937493,4,4.5000	
1884731031,5,4.2000	
1884734766,3,5.0000	
1885030320,13,4.8462	
1885030347,1,5.0000	
1885030398,10,4.1000	
1885171404,21,3.1905	
1885670028,2,3.0000	
1885778511,2,5.0000	
1885941609,2,4.5000	
1885942230,2,5.0000	
1885983468,4,5.0000	
1885983492,2,4.5000	
1886110638,4,5.0000	
1886110662,3,4.6667	
1886350922,1,5.0000	
188638813X,3,5.0000	
1887805001,1,5.0000	
1890035149,1,5.0000	
1890035173,8,4.8750	
1890318043,5,4.2000	
189035001X,30,3.9000	
1890437611,3,5.0000	
1890437689,4,4.0000	
1890460060,6,4.8333	
1890490555,17,4.5882	
1891053019,15,4.3333	
189110523X,25,3.6000	
1891724029,12,4.5833	
1891885456,5,4.8000	
1892389398,5,4.6000	
1892950626,13,4.2308	
1892950677,4,4.5000	
1893858219,36,4.0833	
189426326X,1,5.0000	
1894283511,1,5.0000	
1894869710,5,3.8000	
1894869788,3,4.3333	
1896597122,16,4.3750	
1896597149,13,4.0000	
1902405129,3,4.6667	
1903350069,1,3.0000	
1904492460,12,4.5000	
190455041X,2,4.5000	
1904697003,4,5.0000	
190469702X,1,5.0000	
1904697054,9,3.7778	
1905236840,2,4.5000	
191990123X,2,4.0000	
1928704220,1,1.0000	
1929229046,2,3.0000	
1929229070,7,3.2857	
1929355025,6,5.0000	
192938128X,2,5.0000	
1930074050,6,3.8333	
1930252250,4,4.7500	
1930278020,3,5.0000	
1930388063,1,5.0000	
1930409117,17,3.7647	
1930429487,17,4.8824	
1930556063,3,5.0000	
193055608X,1,5.0000	
1930692269,4,4.5000	
1930865120,32,3.4375	
1930865198,3,3.3333	
1930964420,3,4.6667	
1930964447,3,4.0000	
1931018146,2,4.5000	
1931018170,12,4.9167	
1931018197,7,4.4286	
1931044309,31,4.1935	
1931232652,2,5.0000	
1931709424,16,4.6875	
1931709475,1,5.0000	
1931741425,8,3.5000	
1931836051,25,4.6000	
1931945446,9,3.7778	
1931945497,3,4.6667	
1932077308,1,4.0000	
1932077332,53,4.9245	
1932319093,7,4.7143	
1932461086,1,4.0000	
193284810X,1,5.0000	
1932864199,3,4.6667	
1933274050,3,4.0000	
1933368004,6,4.0000	
195068505,2,3.5000	
195073878,1,4.0000	
195085140,240,4.3750	
195099621,1,5.0000	
195099699,1,5.0000	
195115821,3,3.0000	
195117018,7,3.5714	
195117093,3,3.6667	
195132432,1,4.0000	
195133080,1,5.0000	
195158253,2,3.0000	
195221583,5,4.0000	
195222180,9,4.1111	
198112475,2,5.0000	
198163886,2,3.0000	
198184700,1,3.0000	
198207026,1,5.0000	
198222416,1,4.0000	
198258461,3,4.6667	
198299648,1,5.0000	
198510608,1,5.0000	
198515561,2,4.0000	
198710399,2,5.0000	
198751532,2,5.0000	
198752180,1,5.0000	
199250596,2,4.5000	
199271461,1,5.0000	
199286590,1,5.0000	
201379376,57,4.1579	
201433079,25,4.9200	
201489392,24,4.2083	
201616130,7,4.4286	
202360792,1,3.0000	
205308783,3,4.6667	
205315119,3,4.6667	
2070501426,15,4.0667	
2080112570,3,4.6667	
2253147664,1,5.0000	
226027228,2,5.0000	
226143082,3,4.6667	
226283569,1,3.0000	
226284115,3,4.3333	
226410331,1,4.0000	
226429768,2,5.0000	
226486990,3,3.0000	
226534804,1,5.0000	
226534855,7,4.2857	
226644820,1,5.0000	
226703401,1,4.0000	
226703428,1,5.0000	
226770850,1,5.0000	
226776301,2,5.0000	
226960315,19,2.6842	
231105452,1,4.0000	
231109784,2,4.0000	
231111290,1,3.0000	
231120842,4,4.2500	
231122012,1,4.0000	
252026748,1,5.0000	
252027345,1,5.0000	
252067908,1,5.0000	
252067983,9,4.8889	
253318092,1,4.0000	
253343631,2,4.0000	
262011441,4,4.0000	
262232057,9,3.6667	
262510049,2,4.5000	
262523930,2,4.5000	
262540568,13,3.6923	
262581701,1,5.0000	
262581728,1,3.0000	
262650533,4,3.5000	
262691795,4,3.5000	
262692368,7,4.5714	
262740206,1,3.0000	
268013217,5,4.4000	
268017522,1,3.0000	
271019018,2,3.5000	
271019042,2,3.5000	
275959317,1,4.0000	
275970450,2,4.5000	
28642686,7,4.5714	
2881245617,1,4.0000	
2895071063,2,5.0000	
295973609,1,4.0000	
295983833,1,5.0000	
300044941,5,5.0000	
300051328,1,5.0000	
300065809,25,4.5200	
300081871,7,4.8571	
300081898,1,5.0000	
300082495,32,4.9688	
300103549,18,4.6111	
300104146,1,5.0000	
300108427,2,4.0000	
304332224,1,5.0000	
306461501,2,4.5000	
306813289,5,3.8000	
309052971,1,5.0000	
30965756,1,5.0000	
310227747,3,3.6667	
310227771,26,4.6538	
310240026,4,4.5000	
310473918,7,3.5714	
310499712,4,5.0000	
310931304,5,4.6000	
312111800,1,4.0000	
312179456,14,4.5000	
312195419,29,4.2414	
312227396,1,5.0000	
312267908,6,5.0000	
312267932,126,4.1270	
312285191,40,3.7750	
312300794,4,4.7500	
312337361,97,4.4948	
312992432,138,4.4638	
313259771,1,5.0000	
313312877,2,4.0000	
3161453549,4,2.7500	
316366366,5,4.2000	
316722715,33,4.4848	
316816795,24,4.6667	
321078047,1,4.0000	
321118847,3,4.6667	
321118898,15,3.6000	
340818484,1,5.0000	
345340949,14,4.0000	
345357221,1,3.0000	
345393503,10,4.3000	
345410351,1,5.0000	
345434927,30,4.2000	
345473027,28,4.6071	
345483278,4,4.2500	
345486986,3,4.6667	
3527303723,5,5.0000	
3540004890,1,4.0000	
3540078339,2,2.5000	
3540424512,6,4.8333	
3551551685,5,4.4000	
374222436,16,4.3750	
375801383,62,4.3548	
375806237,20,4.3500	
380727129,8,3.6250	
380794551,50,4.0200	
380794578,68,3.7941	
380820900,9,3.5556	
385337833,7,4.5714	
385413025,2,4.0000	
385485328,6,4.6667	
385722109,41,3.7805	
387944893,10,4.3000	
387945466,4,5.0000	
389206008,1,5.0000	
3908247322,7,3.2857	
393306976,2,5.0000	
393307573,3,5.0000	
393308146,7,4.2857	
393308197,22,4.5909	
393322963,158,4.2152	
393323536,8,3.7500	
393323587,11,4.1818	
393327868,5,5.0000	
394759621,6,4.8333	
394861027,39,4.8974	
395253772,16,4.1250	
395253799,7,4.4286	
395525926,7,4.8571	
395877466,7,4.5714	
395935423,10,3.8000	
395936098,19,4.7895	
399241523,94,4.5000	
413710300,9,5.0000	
415057752,2,3.5000	
415142598,1,4.0000	
415147476,1,3.0000	
415164036,1,5.0000	
415167795,2,5.0000	
415183782,3,2.0000	
415231698,2,5.0000	
415252539,1,5.0000	
415277760,4,3.2500	
415341663,1,5.0000	
415361958,1,5.0000	
415912776,1,2.0000	
415918278,13,4.3846	
415969638,1,3.0000	
415970571,1,2.0000	
425178218,22,4.0909	
425199185,29,4.0690	
439316634,5,3.8000	
439399629,10,4.8000	
439625769,7,4.8571	
439829739,95,4.7789	
440224551,44,4.6136	
440229405,134,4.0746	
440241111,63,4.1587	
440241162,87,3.3563	
440241189,7,4.2857	
440905605,37,3.7568	
446384046,11,4.3636	
446603694,11,3.6364	
446693154,12,4.9167	
448428725,36,4.8889	
451210522,3,4.3333	
452270332,3,4.6667	
452278996,20,3.9000	
465007643,16,4.3750	
465045146,8,3.6250	
465086357,5,4.8000	
470017686,8,5.0000	
470233389,8,2.8750	
471003999,41,3.4146	
471192627,6,4.1667	
471203661,3,5.0000	
471225150,3,4.6667	
471249750,17,4.5882	
471249777,2,5.0000	
471265764,1,5.0000	
471291978,1,4.0000	
471370878,20,3.8000	
471402753,12,3.8333	
471430005,13,4.6154	
471571113,1,5.0000	
471575445,1,5.0000	
471648558,3,4.6667	
471711861,1,1.0000	
471716766,20,4.6500	
471732729,16,3.4375	
471998826,2,3.0000	
486213471,7,5.0000	
486217701,2,3.5000	
486233766,3,4.6667	
486258963,15,3.8000	
486259536,5,4.2000	
486270645,13,3.8462	
486271269,4,4.2500	
486275523,8,4.8750	
486276198,11,4.2727	
486291510,1,5.0000	
486291588,3,4.0000	
486297012,23,3.5217	
486417417,2,4.0000	
486600882,23,4.6522	
4916079124,7,2.4286	
500282684,7,3.5714	
517884070,64,4.7344	
520045572,1,5.0000	
520067037,3,3.3333	
520077288,3,4.6667	
520097580,1,4.0000	
520204026,4,4.0000	
520223721,1,5.0000	
520229223,3,4.6667	
520245288,3,4.3333	
521200431,2,4.0000	
521214963,1,5.0000	
521219892,1,5.0000	
521287812,3,4.0000	
521294274,1,2.0000	
521305209,2,5.0000	
521382750,2,4.5000	
521415225,4,3.2500	
521451558,1,4.0000	
521456436,2,4.0000	
521457084,3,4.3333	
521476755,2,4.0000	
521477301,1,5.0000	
521477379,11,4.3636	
521497671,1,5.0000	
521531004,3,2.6667	
521545536,2,4.0000	
521545587,10,3.5000	
521546184,25,4.7200	
521549892,1,5.0000	
521560977,1,3.0000	
521583012,1,5.0000	
521583063,1,3.0000	
521586747,2,4.0000	
521596971,1,5.0000	
521619297,1,5.0000	
521638968,2,5.0000	
521650623,3,5.0000	
521659809,1,3.0000	
521676444,1,4.0000	
521677017,7,4.1429	
521677041,3,2.3333	
521780934,2,4.5000	
521859573,3,5.0000	
527763012,2,4.0000	
533125138,7,4.2857	
552146730,34,4.6176	
553264583,7,3.8571	
553268864,52,4.4808	
553378880,7,4.4286	
553573616,115,3.7652	
553574264,16,4.5000	
553578596,17,4.3529	
553579169,8,2.7500	
567025608,1,4.0000	
567084051,1,3.0000	
567088308,9,4.1111	
570042542,3,4.3333	
573608776,8,3.7500	
582312876,2,5.0000	
582553776,7,3.7143	
590480871,72,4.1806	
595120261,1,4.0000	
595125166,3,2.0000	
595129498,4,4.7500	
595141129,3,5.0000	
595141153,3,3.6667	
595146007,1,5.0000	
595146031,2,4.5000	
595146058,2,4.5000	
595159915,9,3.3333	
595171621,2,5.0000	
595171672,5,3.0000	
595172296,2,4.5000	
595177123,1,5.0000	
595191940,2,5.0000	
595191991,2,4.5000	
595197469,2,2.5000	
595198090,3,3.6667	
595213618,3,4.6667	
595214215,2,3.0000	
595218520,1,4.0000	
595218598,1,1.0000	
595245307,2,5.0000	
595249612,3,4.6667	
595256074,1,5.0000	
595260799,5,4.0000	
595266274,18,4.6667	
595269907,24,3.8750	
595303366,3,4.6667	
595308295,1,4.0000	
595323685,5,3.6000	
595328563,7,5.0000	
595338712,2,3.0000	
595344550,32,3.7188	
595344577,2,5.0000	
595354750,12,3.5000	
595355374,1,5.0000	
595361110,10,4.7000	
595361161,2,4.0000	
595370764,10,4.9000	
595375693,1,5.0000	
595376290,2,5.0000	
595379974,6,4.6667	
595392229,1,5.0000	
595654231,2,4.5000	
595659160,1,5.0000	
595663834,4,4.7500	
595669360,5,4.2000	
595774423,9,4.3333	
596001487,7,3.8571	
596002033,16,2.8125	
596005717,75,4.4000	
596005792,19,4.0526	
596006314,32,4.7188	
596006365,7,4.5714	
600371050,1,4.0000	
60514299,4,5.0000	
60519150,13,5.0000	
60539496,8,4.8750	
60544767,17,3.4706	
60585978,4,4.2500	
60654732,13,4.3846	
60654759,3,5.0000	
60780762,12,4.0833	
60785691,13,4.6923	
60828234,3,5.0000	
60937653,62,4.1935	
60938226,12,4.0833	
60953616,60,2.6000	
60953667,13,4.6154	
60958596,3,5.0000	
60969342,6,4.0000	
60970200,5,4.8000	
61084980,1,5.0000	
613150589,57,3.7719	
613176308,716,3.8645	
613633105,12,4.3333	
618133844,3,3.6667	
618249338,5,5.0000	
618302417,6,4.0000	
618302468,11,2.7273	
618468722,1,1.0000	
618646949,7,3.7143	
620164433,3,4.0000	
62503049,2,4.0000	
62513273,3,3.0000	
631208143,8,4.2500	
631222960,1,4.0000	
631224181,2,3.5000	
634000179,10,3.9000	
634004433,2,1.5000	
634014692,6,4.1667	
634051547,1,5.0000	
635016524,4,3.5000	
64460029,13,4.2308	
658005677,1,5.0000	
664221912,3,5.0000	
664221939,7,5.0000	
664223133,7,4.5714	
671529528,22,4.5909	
671656155,56,3.8750	
671750445,7,4.5714	
672307146,1,5.0000	
672323133,4,3.2500	
672326868,2,4.0000	
672328038,17,2.4706	
672328089,8,3.7500	
674012402,2,4.5000	
674013050,1,4.0000	
674295188,1,5.0000	
674525531,4,4.5000	
674566769,1,4.0000	
674583302,2,5.0000	
674636120,3,2.3333	
674740661,1,4.0000	
674746139,1,5.0000	
674893085,3,5.0000	
674945204,1,5.0000	
67574610,17,3.6471	
679436340,6,3.1667	
679728813,2,4.5000	
679729461,4,4.7500	
679744827,8,3.5000	
684814021,13,4.0000	
684845113,22,4.7273	
684865483,21,3.6667	
684866005,32,4.2500	
687426375,1,4.0000	
688103529,6,5.0000	
688166253,30,4.3667	
688800696,15,4.8667	
689717849,40,3.9750	
689822936,29,4.7931	
689843828,4,4.7500	
689843879,11,4.9091	
689844476,33,4.5152	
689869649,2,5.0000	
691010471,1,5.0000	
691015376,6,5.0000	
691019681,41,4.6341	
691115168,1,5.0000	
691125341,3,5.0000	
696220113,1,2.0000	
698114000,10,4.6000	
698114027,11,4.7273	
698114051,4,5.0000	
698114078,28,3.9643	
700609334,1,5.0000	
70375895,7,4.5714	
70487030,10,4.8000	
713489049,6,4.0000	
71362703,8,4.0000	
713666676,1,5.0000	
71368280,29,3.5172	
71374043,1,1.0000	
71387978,6,4.0000	
71446532,5,4.4000	
71451854,3,4.0000	
714836613,1,4.0000	
72259558,5,4.0000	
727862812,3,5.0000	
727916254,4,4.2500	
735303460,1,3.0000	
736001557,13,4.5385	
736033270,2,4.0000	
736037551,13,3.5385	
736655778,10,4.7000	
736914021,6,4.6667	
736914048,17,4.7059	
736917756,3,4.6667	
738200247,16,4.5625	
738204501,11,3.6364	
738504033,1,5.0000	
738514209,1,4.0000	
738514233,4,4.7500	
738514284,4,3.7500	
738533904,3,4.3333	
738538833,1,5.0000	
738703125,25,4.0400	
738703176,6,3.6667	
738806781,7,2.2857	
738813192,3,4.6667	
738818097,1,4.0000	
738823341,1,5.0000	
738843660,1,5.0000	
740722433,1,5.0000	
740726765,6,5.0000	
740742752,5,4.0000	
741403919,5,4.0000	
741403994,2,4.5000	
741408848,3,5.0000	
741408872,6,4.8333	
741410303,7,5.0000	
741415232,9,4.2222	
741425483,1,4.0000	
742512193,2,5.0000	
742546918,2,3.0000	
742625869,1,5.0000	
743236033,3,4.6667	
743249992,445,4.0787	
743251423,39,4.1026	
743267125,29,4.5172	
743456068,10,4.3000	
743529103,2,4.0000	
745140408,1,4.0000	
745166253,10,4.0000	
746016387,1,4.0000	
749005912,1,2.0000	
752437275,2,5.0000	
752866524,8,4.0000	
752867199,2,3.5000	
753459507,3,4.3333	
754651320,1,5.0000	
756402905,4,5.0000	
756765242,7,3.8571	
758204035,12,1.6667	
758208340,18,3.9444	
759100675,4,2.7500	
759101248,1,5.0000	
759106150,1,5.0000	
759618607,1,5.0000	
759650632,2,5.0000	
759677077,7,3.0000	
759944377,1,5.0000	
761135553,32,4.9062	
761139834,51,3.8627	
761139885,19,3.8421	
761821929,1,2.0000	
761833242,1,4.0000	
761915958,1,5.0000	
762730455,2,3.5000	
763727180,23,4.4783	
764114948,1,5.0000	
764130935,5,3.6000	
764225510,15,4.5333	
764225537,4,4.7500	
764229893,315,4.7492	
764310356,1,5.0000	
764310380,6,4.8333	
764314661,6,4.8333	
764319590,1,5.0000	
764425277,11,4.5455	
764577077,8,3.7500	
764586629,1,5.0000	
764587250,3,5.0000	
764587277,3,4.0000	
764916866,1,5.0000	
765348217,66,3.2424	
765601036,2,3.0000	
765805057,1,4.0000	
765809338,2,4.5000	
765809389,2,5.0000	
766176673,4,5.0000	
767913469,18,4.7222	
769628583,6,2.8333	
771030509,1,5.0000	
771082568,29,4.6897	
773473807,1,5.0000	
773516476,1,5.0000	
773517073,3,4.3333	
773753044,1,1.0000	
778800296,6,4.0000	
781809703,7,3.5714	
781811236,2,4.0000	
781811260,7,4.7143	
782141641,6,1.8333	
785211357,22,4.9091	
785252517,9,3.7778	
785252541,1,5.0000	
785435697,1,5.0000	
785745327,8,3.8750	
785924124,1,5.0000	
786112859,4,4.2500	
786112883,20,3.7500	
786114053,116,4.4914	
786118385,147,4.0204	
786134321,3,3.0000	
786175583,8,3.0000	
786176180,35,4.7714	
786191570,107,4.2617	
786197072,29,3.3448	
786280697,9,4.1111	
786422513,1,5.0000	
786605642,10,4.0000	
786648074,1,5.0000	
786866810,4,4.5000	
786866861,2,4.5000	
786882875,13,4.8462	
787942898,4,4.7500	
787953563,3,5.0000	
787963712,1,5.0000	
787963739,2,5.0000	
787980374,6,5.0000	
789003724,1,3.0000	
789003775,2,4.0000	
789004399,1,5.0000	
789009277,1,3.0000	
789203464,3,3.6667	
789208393,1,5.0000	
789313480,6,4.1667	
789465205,33,4.3333	
791415961,1,5.0000	
791436829,2,4.5000	
791437426,1,1.0000	
791452840,1,5.0000	
791453464,4,3.7500	
791458342,1,5.0000	
791800288,1,4.0000	
792377028,1,1.0000	
792377052,1,4.0000	
793524954,3,5.0000	
793540941,4,3.5000	
793562457,2,4.5000	
801022630,3,5.0000	
801027586,1,4.0000	
801065011,1,5.0000	
801065062,43,3.8372	
801441781,1,4.0000	
801442303,2,5.0000	
801442354,1,1.0000	
801482941,1,5.0000	
801488443,1,5.0000	
801488494,1,4.0000	
801849772,3,3.0000	
801861403,3,4.3333	
801862051,5,4.6000	
801866332,5,5.0000	
801975727,2,2.5000	
802009107,1,5.0000	
802071651,1,5.0000	
802140408,19,4.9474	
802140459,8,3.3750	
802313310,2,5.0000	
802313337,2,4.5000	
802313361,2,4.5000	
802453899,22,4.9545	
802800696,4,3.5000	
802801218,15,3.9333	
802801269,3,3.6667	
802804926,1,4.0000	
802804950,10,4.6000	
802806120,1,5.0000	
802806147,1,5.0000	
802843050,8,4.0000	
803214804,4,4.0000	
803262507,1,5.0000	
803267487,9,4.7778	
803282850,1,5.0000	
803728506,19,4.8421	
803958714,2,4.5000	
804719799,6,3.3333	
804732000,1,4.0000	
804736332,22,4.3636	
804752346,3,3.3333	
805035680,12,4.2500	
805066748,1,4.0000	
805073159,2,4.5000	
805077464,52,3.8269	
805078037,17,4.6471	
805492208,7,3.4286	
805837574,1,5.0000	
805962905,11,4.3636	
806132507,1,5.0000	
806132558,1,4.0000	
806199563,2,5.0000	
806500247,7,5.0000	
806525495,1,5.0000	
806645687,8,4.7500	
806649941,2,3.5000	
807041092,2,4.0000	
807736600,11,4.9091	
807736627,14,3.4286	
807741922,4,4.5000	
807746851,10,4.2000	
807846619,2,3.0000	
807846643,2,5.0000	
807847216,2,4.5000	
809044390,11,4.8182	
809132818,1,3.0000	
809311666,1,4.0000	
809510715,2,5.0000	
809599287,1,5.0000	
810115026,1,5.0000	
810848163,1,5.0000	
810906147,4,4.7500	
810957582,10,3.5000	
811201104,3,4.6667	
811210758,1,5.0000	
811211304,2,5.0000	
811211355,1,4.0000	
811215660,3,4.3333	
811215687,2,4.5000	
811216233,4,3.7500	
811714284,4,5.0000	
811728714,15,3.9333	
812065530,59,4.0169	
8120805976,1,5.0000	
812218140,4,3.7500	
812281233,1,4.0000	
812972511,34,4.0294	
813014999,1,5.0000	
813026210,5,5.0000	
813026237,3,2.3333	
813026288,6,4.3333	
813310172,1,5.0000	
813340667,2,3.0000	
813519098,1,4.0000	
813530156,1,5.0000	
813535034,1,5.0000	
814325939,2,3.0000	
814652204,6,5.0000	
814705022,4,4.7500	
814766579,6,4.8333	
814788068,17,4.2353	
814798217,2,4.0000	
815330065,1,2.0000	
815334370,1,3.0000	
815605900,1,5.0000	
815606575,2,4.5000	
815627416,2,5.0000	
815702035,1,4.0000	
815702086,3,4.0000	
816053308,2,4.5000	
816053332,1,2.0000	
816053359,2,5.0000	
816515050,1,4.0000	
816515077,3,4.0000	
816519382,5,4.2000	
816524602,1,5.0000	
816625069,6,2.8333	
816635269,2,4.5000	
816641005,1,4.0000	
817013458,4,5.0000	
817014004,3,3.6667	
817014055,1,5.0000	
817302298,20,3.2000	
8173043728,1,5.0000	
817641831,1,4.0000	
819199605,1,4.0000	
819215856,6,4.8333	
819566721,7,4.8571	
820323438,2,5.0000	
820324035,2,4.5000	
820418064,1,5.0000	
820438308,1,5.0000	
821224964,11,5.0000	
821225561,5,4.6000	
821261819,12,4.8333	
821776142,24,4.5000	
822217325,1,1.0000	
822317168,1,5.0000	
822321815,2,1.5000	
822321866,3,3.6667	
822322412,3,4.6667	
822322439,15,4.2000	
822326744,1,5.0000	
822326795,1,5.0000	
822327317,1,5.0000	
822516284,1,1.0000	
822526409,1,3.0000	
823029751,15,4.2000	
823029778,28,4.2857	
823412881,2,4.0000	
823927156,1,4.0000	
824514661,2,2.5000	
824518918,6,3.8333	
824518993,6,4.6667	
824519515,11,4.5455	
824519566,25,4.7600	
824603761,3,4.6667	
824793013,1,5.0000	
824824342,3,4.6667	
824828623,6,3.6667	
824829271,3,4.0000	
825433312,6,4.5000	
825438292,6,3.1667	
825615895,4,4.0000	
825616417,1,4.0000	
825617014,2,4.0000	
826209432,2,5.0000	
826210341,2,2.5000	
826313922,1,5.0000	
826331106,5,4.4000	
826331181,1,4.0000	
826410081,2,4.0000	
826513611,1,5.0000	
826513662,1,5.0000	
826906575,5,4.6000	
827605218,3,5.0000	
828884420,2,4.0000	
829420592,1,5.0000	
829814000,4,5.0000	
830737022,12,4.6667	
830737073,7,4.5714	
830820620,1,5.0000	
830820698,1,5.0000	
830826122,2,4.5000	
830826149,5,4.8000	
830826173,2,2.5000	
833512420,384,4.5443	
834119943,11,4.5455	
834194325,1,1.0000	
835606074,5,4.2000	
835904334,1,4.0000	
835918866,1,3.0000	
836218760,8,5.0000	
836218787,39,4.9231	
837133130,3,5.0000	
837300533,1,1.0000	
837306035,1,5.0000	
838318126,1,5.0000	
841207852,1,5.0000	
842345922,4,3.5000	
842347119,17,4.5882	
842383476,3,5.0000	
8434567261,1,5.0000	
844276790,3,3.6667	
846401959,5,4.8000	
847691896,2,5.0000	
8478646280,1,5.0000	
8497646940,1,5.0000	
849902010,3,4.6667	
849902037,1,4.0000	
849902061,1,5.0000	
849902088,1,5.0000	
849931983,5,4.0000	
849933129,2,4.5000	
849936861,11,3.4545	
849937434,5,5.0000	
851243967,1,5.0000	
851705634,1,4.0000	
851706231,8,3.7500	
852445598,1,5.0000	
853034222,3,5.0000	
853458251,3,4.6667	
856962406,8,4.0000	
861402146,1,5.0000	
861710630,2,5.0000	
861710681,3,5.0000	
861714911,58,4.8966	
861753062,3,4.0000	
865304580,4,4.7500	
865340862,1,3.0000	
865544832,1,5.0000	
865546029,2,4.5000	
867165995,52,4.5769	
867166517,7,4.4286	
867166568,1,5.0000	
867167165,1,5.0000	
867309059,9,4.3333	
870236288,1,5.0000	
870239996,1,5.0000	
870340700,3,4.3333	
870743848,6,4.5000	
870743872,1,4.0000	
871541734,1,4.0000	
871541785,1,5.0000	
871667428,6,4.0000	
872202925,3,4.3333	
872202976,1,5.0000	
872208400,1,5.0000	
872863522,2,5.0000	
872863549,3,3.6667	
872863573,22,4.6818	
872864146,2,5.0000	
872864170,3,5.0000	
872864197,5,4.4000	
873067932,2,4.5000	
873586875,12,4.7500	
873895983,4,3.5000	
874174902,2,3.5000	
874174953,4,5.0000	
874175550,5,3.8000	
874176123,1,5.0000	
874176174,1,5.0000	
874212642,2,4.5000	
874222818,2,5.0000	
874412358,1,5.0000	
874515963,6,4.5000	
874778379,11,4.5455	
874816092,2,5.0000	
874830834,2,5.0000	
874831431,3,4.6667	
874832004,2,5.0000	
875848451,23,3.0000	
876122519,4,5.0000	
877286477,27,4.2593	
878052739,3,4.3333	
878058214,5,3.0000	
878146717,1,3.0000	
878917519,1,5.0000	
878917543,9,3.6667	
879103108,2,5.0000	
879103159,1,5.0000	
879103183,8,4.3750	
879305908,8,4.3750	
879306556,1,5.0000	
879501316,17,4.5294	
879611359,1,5.0000	
879726253,1,5.0000	
880104406,3,4.6667	
880105003,1,5.0000	
880118962,2,4.5000	
880480963,2,2.5000	
881132535,2,4.0000	
881133159,2,5.0000	
881257680,1,5.0000	
881336505,3,5.0000	
881603805,8,4.5000	
882706209,27,4.7037	
882706233,20,4.8000	
883445522,10,4.3000	
883687097,3,5.0000	
883902311,1,5.0000	
884003132,1,3.0000	
884003159,1,3.0000	
884327396,5,5.0000	
887069959,1,5.0000	
887140270,1,5.0000	
887307361,6,4.0000	
887381146,1,4.0000	
887548288,1,4.0000	
888643977,5,4.6000	
888994893,1,5.0000	
888996039,1,4.0000	
890512590,4,4.7500	
890898804,2,4.0000	
891010947,2,5.0000	
891282912,1,5.0000	
892552700,1,5.0000	
892876913,12,4.4167	
893083496,1,5.0000	
893890529,3,4.3333	
894950509,5,4.2000	
894992368,1,1.0000	
896083713,1,5.0000	
896084337,5,5.0000	
896229912,5,5.0000	
896229939,3,2.3333	
896724204,1,4.0000	
897294912,1,4.0000	
897501225,50,4.2800	
898382289,1,5.0000	
899199542,1,5.0000	
899572502,7,4.2857	
899578004,3,4.0000	
899578055,1,5.0000	
899682545,153,3.8954	
900416661,2,5.0000	
9036615224,1,2.0000	
904201363X,1,4.0000	
904311082,8,4.8750	
9051833660,2,5.0000	
910050260,2,4.0000	
913652776,1,5.0000	
913836451,2,4.5000	
913966738,4,5.0000	
915138204,1,5.0000	
915368463,7,5.0000	
9155451896,1,5.0000	
9163091399,3,5.0000	
918973031,10,4.7000	
929167066,4,3.5000	
929895274,4,4.7500	
930588010,11,4.5455	
930751159,1,5.0000	
931464315,16,4.5625	
931993458,1,4.0000	
932551068,15,4.0000	
932813097,30,3.9000	
933546548,1,5.0000	
935005625,16,5.0000	
935079173,2,4.5000	
935950168,2,5.0000	
936783427,1,3.0000	
936783451,56,4.3036	
936799129,9,4.5556	
936878053,30,4.2000	
937381756,3,5.0000	
937539295,6,4.1667	
937750069,1,5.0000	
937822507,20,4.6500	
937822582,19,4.7895	
937938025,3,4.6667	
937958344,56,2.2500	
938216457,4,3.7500	
938216481,6,3.3333	
938294520,6,4.0000	
939266067,10,4.7000	
940352109,10,3.9000	
940685892,3,4.3333	
940880628,6,5.0000	
941017613,1,5.0000	
941532224,4,5.0000	
941668061,3,5.0000	
942256166,8,5.0000	
942272153,3,4.6667	
943173698,5,3.8000	
943604303,2,3.5000	
943990955,4,4.2500	
944019196,4,3.7500	
944092330,2,5.0000	
945466366,4,4.5000	
945999763,8,3.6250	
954599349,1,5.0000	
955141311,5,3.0000	
955141338,30,4.3000	
961320745,39,4.3846	
961478020,16,4.0625	
9622018734,1,4.0000	
962526681,4,1.7500	
962536830,2,4.5000	
9626346787,25,3.3600	
962636622,10,4.9000	
962663409,1,5.0000	
962741736,5,4.0000	
962955906,3,5.0000	
962955930,8,4.3750	
963009621,4,3.5000	
963009699,17,4.4706	
964084821,2,4.5000	
964541610,7,4.7143	
964804271,3,5.0000	
964896818,3,1.0000	
965596109,7,5.0000	
965810801,13,4.4615	
965832317,10,3.7000	
966310403,3,3.6667	
966531035,9,3.7778	
966551303,6,3.8333	
966638999,34,4.3235	
966806948,2,5.0000	
967149223,3,3.3333	
967509904,1,5.0000	
967525942,2,5.0000	
967616212,2,5.0000	
967619998,5,4.4000	
967701007,11,4.1818	
967761913,15,4.5333	
967887607,4,4.5000	
967887631,5,4.6000	
967909384,2,2.0000	
967929628,5,4.0000	
967966507,3,5.0000	
968310001,1,4.0000	
968827411,2,5.0000	
969677340,13,3.4615	
970039506,1,5.0000	
970072155,11,5.0000	
970212801,5,5.0000	
970365225,12,4.1667	
970434006,13,4.3846	
970636830,3,5.0000	
970800525,1,5.0000	
970837143,3,5.0000	
970899297,7,4.7143	
970929900,6,4.0000	
971004900,41,4.5610	
971220603,4,4.7500	
971220654,8,4.3750	
971225508,1,3.0000	
971282706,5,5.0000	
971318964,3,5.0000	
971408610,1,3.0000	
971486778,3,4.6667	
971487324,2,5.0000	
971644608,6,4.5000	
971822808,11,4.4545	
971949018,4,4.7500	
972008004,3,4.6667	
972038523,5,2.0000	
972316515,1,5.0000	
972326715,4,4.2500	
972326766,4,5.0000	
972326790,4,4.7500	
972431802,4,4.7500	
972558012,6,4.8333	
972626271,7,5.0000	
972672702,3,4.0000	
972805028,52,4.3846	
972918779,2,5.0000	
973668806,24,4.6250	
974000930,1,5.0000	
974064203,2,5.0000	
974079308,5,4.6000	
974132411,3,5.0000	
974189324,3,5.0000	
974242403,4,5.0000	
974267600,48,4.4167	
974293814,8,4.8750	
974515205,14,4.5000	
974603708,10,4.5000	
974992100,6,5.0000	
975318004,1,5.0000	
975548239,1,4.0000	
975963007,7,4.1429	
976063204,13,4.6154	
976660504,1,5.0000	
976791463,14,4.7857	
9768184388,2,4.0000	
976996006,2,5.0000	
977090779,1,5.0000	
9810211694,2,5.0000	
9810217145,2,3.5000	
9810226721,4,4.7500	
9812101217,1,4.0000	
9812561501,1,5.0000	
9814021237,1,5.0000	
9962629322,1,5.0000	
9962629349,1,5.0000	
9999275109,1,1.0000	
B000063D6P,1,1.0000	
B000063D89,1,1.0000	
B000063D8K,1,1.0000	
B000063D8W,1,1.0000	
B000063D9S,1,5.0000	
B000067GBX,4,5.0000	
B00008K3OC,1,1.0000	
B00009KH58,6,4.6667	
B0000AKAZZ,1,5.0000	
B00069QMX4,5,4.2000	
B0006SHMFM,3,3.3333	
B0006SHMOS,131,4.2519	
B0007SAA9Q,1,1.0000	
B0007SE178,1,3.0000	
B0008DQH1A,1,1.0000	
B0008E8NF2,1,5.0000	
B0008FFQUG,1,1.0000	
B0008FOSJG,2,1.5000	
B0008HMKL2,1,5.0000	
B0008KKXFE,1,3.0000	
B00092T14K,1,5.0000	
B00097HC1O,2,5.0000	
B00097HC32,3,3.3333	
B00097HC3M,2,5.0000	
B00097HC50,1,5.0000	
B00097HC5K,4,3.0000	
B00098M0YC,1,3.0000	
B0009GSVYM,1,3.0000	
B0009SRZBU,36,4.1111	
B0009W8B0A,17,3.4118	
B000FGGL70,36,4.4722	
B000FGGL7K,3,4.3333	
B000FGGL8Y,1,3.0000	
B000FGGL9I,19,4.7368	
B000FGGLCK,58,3.9138	
B000FGGLGG,5,3.4000	
B000FGGLIE,4,3.0000	
B000FGGLJ8,20,3.7500	
B000FGGLL6,3,3.0000	
B000FGGLNO,4,5.0000	
B000FGGLPM,1,4.0000	
B000FGGLRK,3,4.0000	
B000FGGLSY,9,4.7778	
B000FGGLUW,2,5.0000	
B000FGGLVG,7,4.7143	
B000FGGLWU,1,5.0000	
B000FGGLXE,4,3.5000	
B000FJBR8U,1,4.0000	
B000FJGQ3G,1,5.0000	
B000FJGQAE,5,2.6000	
B000FJGQBS,2,4.5000	
B000FJGQDQ,1,5.0000	
B000FKPAN2,5,4.0000	
B000FKPAPK,3,2.6667	
B000FKPAQY,8,2.6250	
B000FKPASW,4,5.0000	
B000FKPATG,3,5.0000	
B000FKPAWS,1,1.0000	
B000FKPAXC,21,4.4762	
B000FKPAY6,6,2.6667	
B000FKPAYQ,9,4.7778	
B000FKPAZA,3,3.0000	
B000FNWPFK,1,3.0000	
B000FO5A10,1,3.0000	
B000FO5A2Y,1,3.0000	
B000FO5A3I,4,5.0000	
B000FO5A4W,18,4.5000	
B000FO5A8S,1,4.0000	
B000FO5AAG,3,4.6667	
B000FO5ABU,1,4.0000	
B000FO5AEC,9,3.8889	
B000FO5AF6,11,4.7273	
B000FO5AGA,4,3.5000	
B000FO5ALK,1,4.0000	
B000FO5AOW,1,5.0000	
B000FO5APG,1,5.0000	
B000FO5AQU,2,5.0000	
B000FO5ARE,2,4.0000	
B000FO5AS8,8,4.2500	
B000FO5ASS,1,5.0000	
B000FO5AUQ,2,2.5000	
B000FO790U,1,4.0000	
B000FO7946,4,3.7500	
B000FO795A,16,3.3750	
B000FO7964,2,2.0000	
B000FO7L3K,8,4.3750	
B000FO7L4Y,5,4.0000	
B000FO7L5I,3,5.0000	
B000FO7L6W,2,5.0000	
B000FO7L7G,1,1.0000	
B000FO7L9E,1,5.0000	
B000FO7LCG,1,1.0000	
B000FO7LF8,11,3.9091	
B000FO7LGC,2,4.5000	
B000FO7LJ4,1,5.0000	
B000FO7LPI,2,4.5000	
B000FO7LU8,1,5.0000	
B000FO7LYO,36,4.5833	
B000FQ4H9Y,17,4.0000	
B000FQ4HB2,7,4.2857	
B000FQ4HBM,20,4.4500	
B000FQ4HD0,61,4.6230	
B000FQ4HDK,21,4.5714	
B000FQ4HEY,7,3.8571	
B000FQ4HFI,15,4.1333	
B000FQ4HGW,9,4.3333	
B000FQ4HHG,11,5.0000	
B000FQ4HJE,47,4.4043	
B000FQ4HK8,3,5.0000	
B000FQ4HLC,3,4.6667	
B000FQ4HMQ,22,3.9091	
B000FQ4HO4,3,4.0000	
B000FQ4HOO,5,4.0000	
B000FQ4HQ2,57,3.7193	
B000FQ4HQM,5,4.6000	
B000FQ4HSK,20,4.7500	
B000FQ4HTY,9,4.1111	
B000FQ4HUI,3,4.6667	
B000FQ4HVW,17,4.0588	
B000FQ4HWG,14,3.0714	
B000FQ4HXU,22,3.9091	
B000FQ4HZ8,2,5.0000	
B000FQ4HZS,14,3.7143	
B000FQ7OX0,16,4.3125	
B000FUFS4I,2,5.0000	
B000FUFS5W,2,5.0000	
B000FUFSES,1,5.0000	
B000FUFSG6,1,3.0000	
B000FUFSI4,7,4.7143	
B000FUFSM0,1,4.0000	
B000FUFSNY,1,5.0000	
B000FUFSOI,7,3.5714	
B000FUTTES,1,1.0000	
B000FWGR00,1,4.0000	
B000FWGR6E,1,5.0000	
B000FWGR78,1,3.0000	
B000FWGREQ,2,5.0000	
B000FWGRKK,1,5.0000	
B000FWGRT6,1,5.0000	
B000FWGRVO,1,5.0000	
B000FWGRX2,4,4.5000	
B000FZE894,2,4.5000	
B000FZE8IK,1,5.0000	
B000FZE8LW,7,4.4286	
B000FZE8OE,1,5.0000	
B000FZE8PS,2,3.5000	
B000FZE8QC,8,4.7500	
B000FZE8T4,1,4.0000	
B000FZE8XK,1,4.0000	
B000GG4J00,66,3.8636	
B000GG4J2I,3,2.6667	
B000GIW3OW,1,4.0000	
B000GIW3PG,1,5.0000	
B000GPP400,6,3.5000	
B000GPP42I,8,3.1250	
B000GPP46E,24,4.6250	
B000GPP478,3,3.6667	
B000GPP47S,2,3.5000	
B000GPP48C,28,4.6786	
B000GPP496,8,4.6250	
B000GPP4AU,1,5.0000	
B000GPP4BE,14,4.7143	
B000GPP4C8,4,4.0000	
B000GPP4CS,4,4.2500	
B000GPP4DC,3,5.0000	
B000GPP4EQ,3,3.3333	
B000GPP4FA,12,4.1667	
B000GPP4GO,11,4.5455	
B000GPP4PU,5,3.4000	
B000GPP4QE,22,4.2273	
B000GPP4R8,2,2.5000	
B000GPP4T6,22,4.2727	
B000GYI80E,4,4.5000	
B000GYI81S,2,4.0000	
B000GYI82C,6,4.8333	
B000GYI83Q,3,4.6667	
B000GYI854,3,4.6667	
B000GYI85O,1,4.0000	
B000GYI87M,2,5.0000	
B000GYI8A4,1,5.0000	
B000GYI8HW,1,4.0000	
B000GYI8IG,4,4.2500	
B000GYI8JU,3,4.3333	
B000GYI8KE,9,4.0000	
B000GYI8L8,1,1.0000	
B000GYI8LS,10,4.4000	
B000GYI8MC,4,2.7500	
B000GYI8NQ,1,5.0000	
B000GYI8PO,1,5.0000	
B000GYI8R2,1,3.0000	
B000GYI8RM,1,5.0000	
B000GYI8T0,2,5.0000	
B000GYI8TK,2,4.5000	
B000GYI8VI,1,5.0000	
B000GYI8XG,8,4.1250	
B000GYI8YU,2,5.0000	
B000GYI8ZE,4,3.0000	
B000GYIKT8,1,1.0000	
B000H2M6W6,1,5.0000	
B000HTP96Y,3,4.6667	
B000HWYS9K,2,4.5000	
B000IOF1AC,13,4.6923	
B000J4OU0S,1,5.0000	
B000J4OU26,1,5.0000	
B000J4OU2Q,1,5.0000	
B000J4OU6M,1,3.0000	
B000J4OU9Y,1,2.0000	
B000J4OUB2,2,5.0000	
B000J4OUD0,1,5.0000	
B000J4OUDK,1,2.0000	
B000J4OULC,2,3.5000	
B000J4OUO4,1,5.0000	
B000MKYL0S,38,4.1053	
B000MV852W,2,2.5000	
B000MV853G,1,2.0000	
B000MV854U,1,1.0000	
B000MV855E,1,5.0000	
B000MV857C,1,4.0000	
B000MV8586,18,4.5556	
B000MV85AE,2,2.5000	
B000MV85BS,1,5.0000	
B000MV85H2,2,4.0000	
B000MV85HM,5,4.6000	
B000MV8HTI,5,4.8000	
B000N3TLZE,2,5.0000	
B000O5B6GS,33,4.4545	
B000O797OE,10,3.2000	
B000PC0F9E,1,4.0000	
