002804049X,1	
006113774X,1	
013035211X,7	
014029323X,15	
019434469X,2	
019507386X,1	
019508022X,3	
019509042X,2	
019823693X,1	
019825847X,3	
020171972X,1	
020177321X,5	
025321761X,1	
025334364X,4	
029271159X,3	
031022778X,16	
032133020X,3	
034546172X,7	
037380234X,4	
039332849X,19	
041505771X,1	
041514258X,1	
041516835X,1	
041523168X,2	
047117727X,4	
048627618X,5	
048641745X,12	
051758512X,10	
052101090X,1	
052125678X,2	
055329993X,20	
055357857X,26	
059521360X,2	
061902089X,5	
066422685X,7	
066422802X,19	
067232802X,9	
067978179X,10	
068984381X,12	
069111515X,2	
073820451X,25	
073852008X,7	
074254690X,2	
074324995X,7	
075965980X,2	
076032199X,37	
076151340X,20	
076195404X,1	
076197864X,4	
076617235X,1	
078214165X,5	
078611343X,2	
078794288X,23	
080102692X,5	
080106502X,22	
080148412X,2	
080240734X,11	
080280120X,3	
080284734X,2	
080583818X,1	
080712866X,1	
080784232X,5	
080913280X,3	
080913778X,1	
081301493X,2	
081302627X,4	
082032342X,2	
082561645X,2	
082631886X,1	
082651362X,1	
082760520X,4	
083580948X,2	
084931920X,1	
084990207X,1	
086171492X,6	
087123811X,3	
087154234X,6	
087159868X,1	
087630563X,1	
087840385X,1	
088388061X,4	
088864390X,1	
089689147X,8	
089729985X,1	
089733261X,4	
091897304X,16	
093678346X,6	
093829458X,18	
094088061X,4	
095514132X,3	
096278415X,3	
096489744X,3	
096581081X,2	
096663893X,24	
096697106X,1	
096701770X,3	
096710680X,7	
096882742X,3	
097148676X,2	
097420613X,30	
097536880X,9	
121370305,2	
123965616,1	
130114960,8	
130198552,9	
130224952,1	
130225576,6	
130263052,6	
130352179,3	
130974625,4	
136730620,3	
1400042704,144	
1400152798,11	
1401002854,3	
1401004024,4	
1401020038,1	
1401023770,1	
1401033997,1	
1401040306,8	
1401045235,2	
1401054811,7	
1401072070,1	
140120256X,35	
140141499,6	
1402161840,1	
1403300763,2	
1403315892,17	
1403395101,3	
1403903514,1	
1404202811,1	
1404204032,1	
1404229280,1	
1404313451,6	
140435190,4	
1405100648,3	
1410712818,2	
1410713466,1	
1410717720,7	
1410718344,1	
1410730026,2	
1410786390,2	
1411610628,2	
1411632141,6	
1411673352,1	
1411689003,2	
1412003903,5	
141200392X,4	
141207259X,1	
1413405290,1	
1413419747,1	
1413430805,3	
1413432077,3	
1413472664,4	
1413498485,4	
1413740510,1	
1413741185,3	
1413745466,4	
1413749720,1	
141390123,32	
1414002920,4	
141402505X,1	
1414103336,1	
1414103360,14	
1414103387,4	
1414243820,11	
1416903658,9	
141690798X,11	
1417627530,539	
1417906170,9	
1417937211,1	
1418404578,3	
1418426040,1	
1418430714,14	
1418492892,2	
1418508756,11	
1419117777,2	
1419129090,18	
1419179802,3	
1419190938,1	
1419612018,1	
1420816799,1	
1420826972,8	
1420832735,2	
1420832786,3	
1420848410,1	
1420880438,1	
1421808536,5	
142437824,1	
1425329322,1	
1425905730,1	
152023720,8	
152323201,2	
152438173,30	
1550651315,1	
1550651366,1	
1551641941,2	
1552451275,1	
1553940415,5	
155404121X,3	
1555178421,12	
1555178448,3	
1555520367,4	
1555913253,2	
1556201885,2	
1556228252,1	
1556616260,6	
1557345422,13	
1557429227,64	
1557984557,9	
1557988811,5	
1557988889,10	
1558194746,2	
1558217096,15	
1558322132,7	
1558489010,1	
1558489037,8	
1558614605,1	
1558614656,1	
1558615229,2	
1558686959,2	
1558746137,5	
1558850600,11	
1558851275,1	
1560000643,1	
1560005548,1	
156006243,39	
1560242167,1	
1560256672,21	
1560256699,6	
1561012726,3	
1561452742,5	
1561452769,16	
156148380X,3	
1561583677,7	
1561584223,8	
156158424X,10	
1561632139,1	
1561704601,55	
1561709530,6	
1562539191,2	
1562790528,12	
1562791125,1	
1562863665,2	
1562921622,6	
1563088959,1	
1563382962,2	
1563383586,2	
1563384108,2	
1563897288,9	
1564594769,1	
1564772942,11	
1565491904,1	
1565843606,1	
1565843630,3	
1565844254,12	
1565848586,3	
1566394619,6	
1566562619,1	
1566635705,2	
1566635780,9	
156663637X,11	
1567202926,1	
1567202977,8	
1567502407,1	
1567921582,7	
1567922104,4	
1568219938,2	
1568330812,4	
1568382820,6	
1568388373,6	
1568581939,35	
1568985649,3	
157003088X,1	
157025141X,2	
1570671141,9	
1571662308,6	
157188176X,17	
1571972064,14	
1572233834,3	
1572233885,3	
1572235004,5	
1572306998,2	
1572307595,6	
1572308141,1	
1572308192,1	
1572434198,3	
1572438479,10	
1572490799,2	
1573225622,5	
1573229954,5	
1573241687,9	
1573247189,1	
1573833665,3	
1573927643,6	
1573928291,16	
1574090909,3	
1574090933,10	
157409095X,4	
1574091506,6	
1574091530,9	
1574092154,2	
1574442686,7	
1574443259,6	
1574531786,7	
1575029863,5	
1575250756,2	
1575251302,8	
157525137X,1	
1575451042,4	
1575451069,57	
1576750795,10	
1576751392,8	
1577344383,2	
157749122X,1	
1577941608,6	
1577946537,1	
1578063345,5	
1578063396,8	
1578194253,4	
157826183X,5	
1578261864,17	
1578630177,4	
1578702666,11	
1579620728,3	
158005093X,32	
1580050964,7	
1580051588,4	
1580460461,1	
1580626955,14	
1580627579,6	
158080084X,1	
1580910890,17	
1581054017,1	
158112712X,9	
158115271X,7	
1581347162,8	
1582405913,2	
158240593X,5	
1582700567,2	
158333100X,13	
1583331085,4	
1583670610,2	
1583671234,4	
1584280204,8	
1584280255,5	
1584793384,18	
1584883006,2	
1585003719,2	
1585003794,11	
1585008621,10	
1585008648,3	
1585008672,7	
1585008699,1	
1585092630,30	
1585130346,5	
1585130397,6	
1585160814,6	
1585181730,1	
1585182354,5	
1585423416,7	
1585424064,11	
1585953156,3	
1585953180,1	
1586670972,2	
1586855220,7	
1587155109,1	
1587158868,25	
1587887606,3	
1588115267,1	
1588200035,1	
1588204391,4	
1588381706,5	
1588381781,1	
1588512800,5	
1588514099,1	
158851837X,4	
1589394461,1	
1589630696,1	
1589793218,6	
1589793242,1	
1590030311,8	
1590030338,2	
1590030389,10	
1590170822,2	
1590170849,2	
159017089X,1	
1590171497,10	
1590301943,6	
1590340094,2	
1590481151,1	
1590521951,21	
1590523121,11	
1590523148,9	
1590523172,446	
1590560051,4	
1590590597,3	
1590591119,3	
1590591143,7	
159059116X,3	
1590591194,14	
1590594827,4	
1590594851,6	
1590595424,8	
1590595475,8	
1591020913,23	
159102093X,2	
1591020964,2	
1591022134,1	
1591022185,17	
1591137004,3	
1591137055,4	
1591146607,4	
1591146631,3	
1591166950,1	
1591167523,7	
159116754X,3	
1591292956,4	
1591293502,1	
1591297885,2	
1591582342,2	
1591602823,3	
159160284X,3	
1591603420,1	
1591603471,2	
1591604095,2	
1591607752,1	
1591666198,1	
1591823404,3	
1591840090,6	
1591858828,158	
1592323006,9	
1592761852,1	
1592850952,18	
1593083238,74	
1593303432,1	
1593303459,3	
1593303483,3	
1593350538,175	
1593359799,28	
1593371403,2	
1593371454,5	
1593540051,1	
1594142610,2	
1594142688,2	
1594143234,4	
1594200696,89	
1594567263,655	
159467177X,2	
1594676682,2	
1594677204,4	
1594730385,1	
159493004X,6	
1594930074,40	
1595081607,1	
1596001100,108	
1596006080,114	
1596221135,1	
1597521434,9	
1597813931,1	
1597819409,1	
1598990128,2	
1840593482,2	
1841133809,1	
1841951765,5	
1842273175,2	
1842837850,20	
1842837877,2	
1843101718,2	
184310721X,6	
1843107244,1	
1843762366,1	
1844072452,1	
1844151352,2	
1844250601,1	
1844250628,12	
1844250652,2	
184467522X,1	
1846370388,9	
1850441332,1	
1850896429,11	
1852428619,1	
1853918490,40	
185391908X,17	
1855205246,2	
185728237X,1	
1857443950,25	
1858561795,1	
1859060722,1	
1860744370,9	
1861081197,3	
1861263678,2	
1872004199,5	
1873938241,3	
1875559345,3	
1878569864,2	
1878823205,3	
1878823280,7	
1878891251,1	
1879159163,11	
1879194899,1	
1879378523,5	
1879505312,4	
1880685221,91	
1880685248,9	
1880685272,3	
1881163385,1	
1881273377,44	
1881515060,1	
1882190866,5	
1882593979,17	
188260119X,2	
1882982584,1	
1882983157,1	
1883011051,2	
1883011078,19	
1883220319,4	
1883249872,4	
1883249899,7	
1883283094,7	
1883319250,21	
1883319277,1	
1883937493,4	
1884731031,5	
1884734766,3	
1885030320,13	
1885030347,1	
1885030398,10	
1885171404,21	
1885670028,2	
1885778511,2	
1885941609,2	
1885942230,2	
1885983468,4	
1885983492,2	
1886110638,4	
1886110662,3	
1886350922,1	
188638813X,3	
1887805001,1	
1890035149,1	
1890035173,8	
1890318043,5	
189035001X,30	
1890437611,3	
1890437689,4	
1890460060,6	
1890490555,17	
1891053019,15	
189110523X,25	
1891724029,12	
1891885456,5	
1892389398,5	
1892950626,13	
1892950677,4	
1893858219,36	
189426326X,1	
1894283511,1	
1894869710,5	
1894869788,3	
1896597122,16	
1896597149,13	
1902405129,3	
1903350069,1	
1904492460,12	
190455041X,2	
1904697003,4	
190469702X,1	
1904697054,9	
1905236840,2	
191990123X,2	
1928704220,1	
1929229046,2	
1929229070,7	
1929355025,6	
192938128X,2	
1930074050,6	
1930252250,4	
1930278020,3	
1930388063,1	
1930409117,17	
1930429487,17	
1930556063,3	
193055608X,1	
1930692269,4	
1930865120,32	
1930865198,3	
1930964420,3	
1930964447,3	
1931018146,2	
1931018170,12	
1931018197,7	
1931044309,31	
1931232652,2	
1931709424,16	
1931709475,1	
1931741425,8	
1931836051,25	
1931945446,9	
1931945497,3	
1932077308,1	
1932077332,53	
1932319093,7	
1932461086,1	
193284810X,1	
1932864199,3	
1933274050,3	
1933368004,6	
195068505,2	
195073878,1	
195085140,240	
195099621,1	
195099699,1	
195115821,3	
195117018,7	
195117093,3	
195132432,1	
195133080,1	
195158253,2	
195221583,5	
195222180,9	
198112475,2	
198163886,2	
198184700,1	
198207026,1	
198222416,1	
198258461,3	
198299648,1	
198510608,1	
198515561,2	
198710399,2	
198751532,2	
198752180,1	
199250596,2	
199271461,1	
199286590,1	
201379376,57	
201433079,25	
201489392,24	
201616130,7	
202360792,1	
205308783,3	
205315119,3	
2070501426,15	
2080112570,3	
2253147664,1	
226027228,2	
226143082,3	
226283569,1	
226284115,3	
226410331,1	
226429768,2	
226486990,3	
226534804,1	
226534855,7	
226644820,1	
226703401,1	
226703428,1	
226770850,1	
226776301,2	
226960315,19	
231105452,1	
231109784,2	
231111290,1	
231120842,4	
231122012,1	
252026748,1	
252027345,1	
252067908,1	
252067983,9	
253318092,1	
253343631,2	
262011441,4	
262232057,9	
262510049,2	
262523930,2	
262540568,13	
262581701,1	
262581728,1	
262650533,4	
262691795,4	
262692368,7	
262740206,1	
268013217,5	
268017522,1	
271019018,2	
271019042,2	
275959317,1	
275970450,2	
28642686,7	
2881245617,1	
2895071063,2	
295973609,1	
295983833,1	
300044941,5	
300051328,1	
300065809,25	
300081871,7	
300081898,1	
300082495,32	
300103549,18	
300104146,1	
300108427,2	
304332224,1	
306461501,2	
306813289,5	
309052971,1	
30965756,1	
310227747,3	
310227771,26	
310240026,4	
310473918,7	
310499712,4	
310931304,5	
312111800,1	
312179456,14	
312195419,29	
312227396,1	
312267908,6	
312267932,126	
312285191,40	
312300794,4	
312337361,97	
312992432,138	
313259771,1	
313312877,2	
3161453549,4	
316366366,5	
316722715,33	
316816795,24	
321078047,1	
321118847,3	
321118898,15	
340818484,1	
345340949,14	
345357221,1	
345393503,10	
345410351,1	
345434927,30	
345473027,28	
345483278,4	
345486986,3	
3527303723,5	
3540004890,1	
3540078339,2	
3540424512,6	
3551551685,5	
374222436,16	
375801383,62	
375806237,20	
380727129,8	
380794551,50	
380794578,68	
380820900,9	
385337833,7	
385413025,2	
385485328,6	
385722109,41	
387944893,10	
387945466,4	
389206008,1	
3908247322,7	
393306976,2	
393307573,3	
393308146,7	
393308197,22	
393322963,158	
393323536,8	
393323587,11	
393327868,5	
394759621,6	
394861027,39	
395253772,16	
395253799,7	
395525926,7	
395877466,7	
395935423,10	
395936098,19	
399241523,94	
413710300,9	
415057752,2	
415142598,1	
415147476,1	
415164036,1	
415167795,2	
415183782,3	
415231698,2	
415252539,1	
415277760,4	
415341663,1	
415361958,1	
415912776,1	
415918278,13	
415969638,1	
415970571,1	
425178218,22	
425199185,29	
439316634,5	
439399629,10	
439625769,7	
439829739,95	
440224551,44	
440229405,134	
440241111,63	
440241162,87	
440241189,7	
440905605,37	
446384046,11	
446603694,11	
446693154,12	
448428725,36	
451210522,3	
452270332,3	
452278996,20	
465007643,16	
465045146,8	
465086357,5	
470017686,8	
470233389,8	
471003999,41	
471192627,6	
471203661,3	
471225150,3	
471249750,17	
471249777,2	
471265764,1	
471291978,1	
471370878,20	
471402753,12	
471430005,13	
471571113,1	
471575445,1	
471648558,3	
471711861,1	
471716766,20	
471732729,16	
471998826,2	
486213471,7	
486217701,2	
486233766,3	
486258963,15	
486259536,5	
486270645,13	
486271269,4	
486275523,8	
486276198,11	
486291510,1	
486291588,3	
486297012,23	
486417417,2	
486600882,23	
4916079124,7	
500282684,7	
517884070,64	
520045572,1	
520067037,3	
520077288,3	
520097580,1	
520204026,4	
520223721,1	
520229223,3	
520245288,3	
521200431,2	
521214963,1	
521219892,1	
521287812,3	
521294274,1	
521305209,2	
521382750,2	
521415225,4	
521451558,1	
521456436,2	
521457084,3	
521476755,2	
521477301,1	
521477379,11	
521497671,1	
521531004,3	
521545536,2	
521545587,10	
521546184,25	
521549892,1	
521560977,1	
521583012,1	
521583063,1	
521586747,2	
521596971,1	
521619297,1	
521638968,2	
521650623,3	
521659809,1	
521676444,1	
521677017,7	
521677041,3	
521780934,2	
521859573,3	
527763012,2	
533125138,7	
552146730,34	
553264583,7	
553268864,52	
553378880,7	
553573616,115	
553574264,16	
553578596,17	
553579169,8	
567025608,1	
567084051,1	
567088308,9	
570042542,3	
573608776,8	
582312876,2	
582553776,7	
590480871,72	
595120261,1	
595125166,3	
595129498,4	
595141129,3	
595141153,3	
595146007,1	
595146031,2	
595146058,2	
595159915,9	
595171621,2	
595171672,5	
595172296,2	
595177123,1	
595191940,2	
595191991,2	
595197469,2	
595198090,3	
595213618,3	
595214215,2	
595218520,1	
595218598,1	
595245307,2	
595249612,3	
595256074,1	
595260799,5	
595266274,18	
595269907,24	
595303366,3	
595308295,1	
595323685,5	
595328563,7	
595338712,2	
595344550,32	
595344577,2	
595354750,12	
595355374,1	
595361110,10	
595361161,2	
595370764,10	
595375693,1	
595376290,2	
595379974,6	
595392229,1	
595654231,2	
595659160,1	
595663834,4	
595669360,5	
595774423,9	
596001487,7	
596002033,16	
596005717,75	
596005792,19	
596006314,32	
596006365,7	
600371050,1	
60514299,4	
60519150,13	
60539496,8	
60544767,17	
60585978,4	
60654732,13	
60654759,3	
60780762,12	
60785691,13	
60828234,3	
60937653,62	
60938226,12	
60953616,60	
60953667,13	
60958596,3	
60969342,6	
60970200,5	
61084980,1	
613150589,57	
613176308,716	
613633105,12	
618133844,3	
618249338,5	
618302417,6	
618302468,11	
618468722,1	
618646949,7	
620164433,3	
62503049,2	
62513273,3	
631208143,8	
631222960,1	
631224181,2	
634000179,10	
634004433,2	
634014692,6	
634051547,1	
635016524,4	
64460029,13	
658005677,1	
664221912,3	
664221939,7	
664223133,7	
671529528,22	
671656155,56	
671750445,7	
672307146,1	
672323133,4	
672326868,2	
672328038,17	
672328089,8	
674012402,2	
674013050,1	
674295188,1	
674525531,4	
674566769,1	
674583302,2	
674636120,3	
674740661,1	
674746139,1	
674893085,3	
674945204,1	
67574610,17	
679436340,6	
679728813,2	
679729461,4	
679744827,8	
684814021,13	
684845113,22	
684865483,21	
684866005,32	
687426375,1	
688103529,6	
688166253,30	
688800696,15	
689717849,40	
689822936,29	
689843828,4	
689843879,11	
689844476,33	
689869649,2	
691010471,1	
691015376,6	
691019681,41	
691115168,1	
691125341,3	
696220113,1	
698114000,10	
698114027,11	
698114051,4	
698114078,28	
700609334,1	
70375895,7	
70487030,10	
713489049,6	
71362703,8	
713666676,1	
71368280,29	
71374043,1	
71387978,6	
71446532,5	
71451854,3	
714836613,1	
72259558,5	
727862812,3	
727916254,4	
735303460,1	
736001557,13	
736033270,2	
736037551,13	
736655778,10	
736914021,6	
736914048,17	
736917756,3	
738200247,16	
738204501,11	
738504033,1	
738514209,1	
738514233,4	
738514284,4	
738533904,3	
738538833,1	
738703125,25	
738703176,6	
738806781,7	
738813192,3	
738818097,1	
738823341,1	
738843660,1	
740722433,1	
740726765,6	
740742752,5	
741403919,5	
741403994,2	
741408848,3	
741408872,6	
741410303,7	
741415232,9	
741425483,1	
742512193,2	
742546918,2	
742625869,1	
743236033,3	
743249992,445	
743251423,39	
743267125,29	
743456068,10	
743529103,2	
745140408,1	
745166253,10	
746016387,1	
749005912,1	
752437275,2	
752866524,8	
752867199,2	
753459507,3	
754651320,1	
756402905,4	
756765242,7	
758204035,12	
758208340,18	
759100675,4	
759101248,1	
759106150,1	
759618607,1	
759650632,2	
759677077,7	
759944377,1	
761135553,32	
761139834,51	
761139885,19	
761821929,1	
761833242,1	
761915958,1	
762730455,2	
763727180,23	
764114948,1	
764130935,5	
764225510,15	
764225537,4	
764229893,315	
764310356,1	
764310380,6	
764314661,6	
764319590,1	
764425277,11	
764577077,8	
764586629,1	
764587250,3	
764587277,3	
764916866,1	
765348217,66	
765601036,2	
765805057,1	
765809338,2	
765809389,2	
766176673,4	
767913469,18	
769628583,6	
771030509,1	
771082568,29	
773473807,1	
773516476,1	
773517073,3	
773753044,1	
778800296,6	
781809703,7	
781811236,2	
781811260,7	
782141641,6	
785211357,22	
785252517,9	
785252541,1	
785435697,1	
785745327,8	
785924124,1	
786112859,4	
786112883,20	
786114053,116	
786118385,147	
786134321,3	
786175583,8	
786176180,35	
786191570,107	
786197072,29	
786280697,9	
786422513,1	
786605642,10	
786648074,1	
786866810,4	
786866861,2	
786882875,13	
787942898,4	
787953563,3	
787963712,1	
787963739,2	
787980374,6	
789003724,1	
789003775,2	
789004399,1	
789009277,1	
789203464,3	
789208393,1	
789313480,6	
789465205,33	
791415961,1	
791436829,2	
791437426,1	
791452840,1	
791453464,4	
791458342,1	
791800288,1	
792377028,1	
792377052,1	
793524954,3	
793540941,4	
793562457,2	
801022630,3	
801027586,1	
801065011,1	
801065062,43	
801441781,1	
801442303,2	
801442354,1	
801482941,1	
801488443,1	
801488494,1	
801849772,3	
801861403,3	
801862051,5	
801866332,5	
801975727,2	
802009107,1	
802071651,1	
802140408,19	
802140459,8	
802313310,2	
802313337,2	
802313361,2	
802453899,22	
802800696,4	
802801218,15	
802801269,3	
802804926,1	
802804950,10	
802806120,1	
802806147,1	
802843050,8	
803214804,4	
803262507,1	
803267487,9	
803282850,1	
803728506,19	
803958714,2	
804719799,6	
804732000,1	
804736332,22	
804752346,3	
805035680,12	
805066748,1	
805073159,2	
805077464,52	
805078037,17	
805492208,7	
805837574,1	
805962905,11	
806132507,1	
806132558,1	
806199563,2	
806500247,7	
806525495,1	
806645687,8	
806649941,2	
807041092,2	
807736600,11	
807736627,14	
807741922,4	
807746851,10	
807846619,2	
807846643,2	
807847216,2	
809044390,11	
809132818,1	
809311666,1	
809510715,2	
809599287,1	
810115026,1	
810848163,1	
810906147,4	
810957582,10	
811201104,3	
811210758,1	
811211304,2	
811211355,1	
811215660,3	
811215687,2	
811216233,4	
811714284,4	
811728714,15	
812065530,59	
8120805976,1	
812218140,4	
812281233,1	
812972511,34	
813014999,1	
813026210,5	
813026237,3	
813026288,6	
813310172,1	
813340667,2	
813519098,1	
813530156,1	
813535034,1	
814325939,2	
814652204,6	
814705022,4	
814766579,6	
814788068,17	
814798217,2	
815330065,1	
815334370,1	
815605900,1	
815606575,2	
815627416,2	
815702035,1	
815702086,3	
816053308,2	
816053332,1	
816053359,2	
816515050,1	
816515077,3	
816519382,5	
816524602,1	
816625069,6	
816635269,2	
816641005,1	
817013458,4	
817014004,3	
817014055,1	
817302298,20	
8173043728,1	
817641831,1	
819199605,1	
819215856,6	
819566721,7	
820323438,2	
820324035,2	
820418064,1	
820438308,1	
821224964,11	
821225561,5	
821261819,12	
821776142,24	
822217325,1	
822317168,1	
822321815,2	
822321866,3	
822322412,3	
822322439,15	
822326744,1	
822326795,1	
822327317,1	
822516284,1	
822526409,1	
823029751,15	
823029778,28	
823412881,2	
823927156,1	
824514661,2	
824518918,6	
824518993,6	
824519515,11	
824519566,25	
824603761,3	
824793013,1	
824824342,3	
824828623,6	
824829271,3	
825433312,6	
825438292,6	
825615895,4	
825616417,1	
825617014,2	
826209432,2	
826210341,2	
826313922,1	
826331106,5	
826331181,1	
826410081,2	
826513611,1	
826513662,1	
826906575,5	
827605218,3	
828884420,2	
829420592,1	
829814000,4	
830737022,12	
830737073,7	
830820620,1	
830820698,1	
830826122,2	
830826149,5	
830826173,2	
833512420,384	
834119943,11	
834194325,1	
835606074,5	
835904334,1	
835918866,1	
836218760,8	
836218787,39	
837133130,3	
837300533,1	
837306035,1	
838318126,1	
841207852,1	
842345922,4	
842347119,17	
842383476,3	
8434567261,1	
844276790,3	
846401959,5	
847691896,2	
8478646280,1	
8497646940,1	
849902010,3	
849902037,1	
849902061,1	
849902088,1	
849931983,5	
849933129,2	
849936861,11	
849937434,5	
851243967,1	
851705634,1	
851706231,8	
852445598,1	
853034222,3	
853458251,3	
856962406,8	
861402146,1	
861710630,2	
861710681,3	
861714911,58	
861753062,3	
865304580,4	
865340862,1	
865544832,1	
865546029,2	
867165995,52	
867166517,7	
867166568,1	
867167165,1	
867309059,9	
870236288,1	
870239996,1	
870340700,3	
870743848,6	
870743872,1	
871541734,1	
871541785,1	
871667428,6	
872202925,3	
872202976,1	
872208400,1	
872863522,2	
872863549,3	
872863573,22	
872864146,2	
872864170,3	
872864197,5	
873067932,2	
873586875,12	
873895983,4	
874174902,2	
874174953,4	
874175550,5	
874176123,1	
874176174,1	
874212642,2	
874222818,2	
874412358,1	
874515963,6	
874778379,11	
874816092,2	
874830834,2	
874831431,3	
874832004,2	
875848451,23	
876122519,4	
877286477,27	
878052739,3	
878058214,5	
878146717,1	
878917519,1	
878917543,9	
879103108,2	
879103159,1	
879103183,8	
879305908,8	
879306556,1	
879501316,17	
879611359,1	
879726253,1	
880104406,3	
880105003,1	
880118962,2	
880480963,2	
881132535,2	
881133159,2	
881257680,1	
881336505,3	
881603805,8	
882706209,27	
882706233,20	
883445522,10	
883687097,3	
883902311,1	
884003132,1	
884003159,1	
884327396,5	
887069959,1	
887140270,1	
887307361,6	
887381146,1	
887548288,1	
888643977,5	
888994893,1	
888996039,1	
890512590,4	
890898804,2	
891010947,2	
891282912,1	
892552700,1	
892876913,12	
893083496,1	
893890529,3	
894950509,5	
894992368,1	
896083713,1	
896084337,5	
896229912,5	
896229939,3	
896724204,1	
897294912,1	
897501225,50	
898382289,1	
899199542,1	
899572502,7	
899578004,3	
899578055,1	
899682545,153	
900416661,2	
9036615224,1	
904201363X,1	
904311082,8	
9051833660,2	
910050260,2	
913652776,1	
913836451,2	
913966738,4	
915138204,1	
915368463,7	
9155451896,1	
9163091399,3	
918973031,10	
929167066,4	
929895274,4	
930588010,11	
930751159,1	
931464315,16	
931993458,1	
932551068,15	
932813097,30	
933546548,1	
935005625,16	
935079173,2	
935950168,2	
936783427,1	
936783451,56	
936799129,9	
936878053,30	
937381756,3	
937539295,6	
937750069,1	
937822507,20	
937822582,19	
937938025,3	
937958344,56	
938216457,4	
938216481,6	
938294520,6	
939266067,10	
940352109,10	
940685892,3	
940880628,6	
941017613,1	
941532224,4	
941668061,3	
942256166,8	
942272153,3	
943173698,5	
943604303,2	
943990955,4	
944019196,4	
944092330,2	
945466366,4	
945999763,8	
954599349,1	
955141311,5	
955141338,30	
961320745,39	
961478020,16	
9622018734,1	
962526681,4	
962536830,2	
9626346787,25	
962636622,10	
962663409,1	
962741736,5	
962955906,3	
962955930,8	
963009621,4	
963009699,17	
964084821,2	
964541610,7	
964804271,3	
964896818,3	
965596109,7	
965810801,13	
965832317,10	
966310403,3	
966531035,9	
966551303,6	
966638999,34	
966806948,2	
967149223,3	
967509904,1	
967525942,2	
967616212,2	
967619998,5	
967701007,11	
967761913,15	
967887607,4	
967887631,5	
967909384,2	
967929628,5	
967966507,3	
968310001,1	
968827411,2	
969677340,13	
970039506,1	
970072155,11	
970212801,5	
970365225,12	
970434006,13	
970636830,3	
970800525,1	
970837143,3	
970899297,7	
970929900,6	
971004900,41	
971220603,4	
971220654,8	
971225508,1	
971282706,5	
971318964,3	
971408610,1	
971486778,3	
971487324,2	
971644608,6	
971822808,11	
971949018,4	
972008004,3	
972038523,5	
972316515,1	
972326715,4	
972326766,4	
972326790,4	
972431802,4	
972558012,6	
972626271,7	
972672702,3	
972805028,52	
972918779,2	
973668806,24	
974000930,1	
974064203,2	
974079308,5	
974132411,3	
974189324,3	
974242403,4	
974267600,48	
974293814,8	
974515205,14	
974603708,10	
974992100,6	
975318004,1	
975548239,1	
975963007,7	
976063204,13	
976660504,1	
976791463,14	
9768184388,2	
976996006,2	
977090779,1	
9810211694,2	
9810217145,2	
9810226721,4	
9812101217,1	
9812561501,1	
9814021237,1	
9962629322,1	
9962629349,1	
9999275109,1	
B000063D6P,1	
B000063D89,1	
B000063D8K,1	
B000063D8W,1	
B000063D9S,1	
B000067GBX,4	
B00008K3OC,1	
B00009KH58,6	
B0000AKAZZ,1	
B00069QMX4,5	
B0006SHMFM,3	
B0006SHMOS,131	
B0007SAA9Q,1	
B0007SE178,1	
B0008DQH1A,1	
B0008E8NF2,1	
B0008FFQUG,1	
B0008FOSJG,2	
B0008HMKL2,1	
B0008KKXFE,1	
B00092T14K,1	
B00097HC1O,2	
B00097HC32,3	
B00097HC3M,2	
B00097HC50,1	
B00097HC5K,4	
B00098M0YC,1	
B0009GSVYM,1	
B0009SRZBU,36	
B0009W8B0A,17	
B000FGGL70,36	
B000FGGL7K,3	
B000FGGL8Y,1	
B000FGGL9I,19	
B000FGGLCK,58	
B000FGGLGG,5	
B000FGGLIE,4	
B000FGGLJ8,20	
B000FGGLL6,3	
B000FGGLNO,4	
B000FGGLPM,1	
B000FGGLRK,3	
B000FGGLSY,9	
B000FGGLUW,2	
B000FGGLVG,7	
B000FGGLWU,1	
B000FGGLXE,4	
B000FJBR8U,1	
B000FJGQ3G,1	
B000FJGQAE,5	
B000FJGQBS,2	
B000FJGQDQ,1	
B000FKPAN2,5	
B000FKPAPK,3	
B000FKPAQY,8	
B000FKPASW,4	
B000FKPATG,3	
B000FKPAWS,1	
B000FKPAXC,21	
B000FKPAY6,6	
B000FKPAYQ,9	
B000FKPAZA,3	
B000FNWPFK,1	
B000FO5A10,1	
B000FO5A2Y,1	
B000FO5A3I,4	
B000FO5A4W,18	
B000FO5A8S,1	
B000FO5AAG,3	
B000FO5ABU,1	
B000FO5AEC,9	
B000FO5AF6,11	
B000FO5AGA,4	
B000FO5ALK,1	
B000FO5AOW,1	
B000FO5APG,1	
B000FO5AQU,2	
B000FO5ARE,2	
B000FO5AS8,8	
B000FO5ASS,1	
B000FO5AUQ,2	
B000FO790U,1	
B000FO7946,4	
B000FO795A,16	
B000FO7964,2	
B000FO7L3K,8	
B000FO7L4Y,5	
B000FO7L5I,3	
B000FO7L6W,2	
B000FO7L7G,1	
B000FO7L9E,1	
B000FO7LCG,1	
B000FO7LF8,11	
B000FO7LGC,2	
B000FO7LJ4,1	
B000FO7LPI,2	
B000FO7LU8,1	
B000FO7LYO,36	
B000FQ4H9Y,17	
B000FQ4HB2,7	
B000FQ4HBM,20	
B000FQ4HD0,61	
B000FQ4HDK,21	
B000FQ4HEY,7	
B000FQ4HFI,15	
B000FQ4HGW,9	
B000FQ4HHG,11	
B000FQ4HJE,47	
B000FQ4HK8,3	
B000FQ4HLC,3	
B000FQ4HMQ,22	
B000FQ4HO4,3	
B000FQ4HOO,5	
B000FQ4HQ2,57	
B000FQ4HQM,5	
B000FQ4HSK,20	
B000FQ4HTY,9	
B000FQ4HUI,3	
B000FQ4HVW,17	
B000FQ4HWG,14	
B000FQ4HXU,22	
B000FQ4HZ8,2	
B000FQ4HZS,14	
B000FQ7OX0,16	
B000FUFS4I,2	
B000FUFS5W,2	
B000FUFSES,1	
B000FUFSG6,1	
B000FUFSI4,7	
B000FUFSM0,1	
B000FUFSNY,1	
B000FUFSOI,7	
B000FUTTES,1	
B000FWGR00,1	
B000FWGR6E,1	
B000FWGR78,1	
B000FWGREQ,2	
B000FWGRKK,1	
B000FWGRT6,1	
B000FWGRVO,1	
B000FWGRX2,4	
B000FZE894,2	
B000FZE8IK,1	
B000FZE8LW,7	
B000FZE8OE,1	
B000FZE8PS,2	
B000FZE8QC,8	
B000FZE8T4,1	
B000FZE8XK,1	
B000GG4J00,66	
B000GG4J2I,3	
B000GIW3OW,1	
B000GIW3PG,1	
B000GPP400,6	
B000GPP42I,8	
B000GPP46E,24	
B000GPP478,3	
B000GPP47S,2	
B000GPP48C,28	
B000GPP496,8	
B000GPP4AU,1	
B000GPP4BE,14	
B000GPP4C8,4	
B000GPP4CS,4	
B000GPP4DC,3	
B000GPP4EQ,3	
B000GPP4FA,12	
B000GPP4GO,11	
B000GPP4PU,5	
B000GPP4QE,22	
B000GPP4R8,2	
B000GPP4T6,22	
B000GYI80E,4	
B000GYI81S,2	
B000GYI82C,6	
B000GYI83Q,3	
B000GYI854,3	
B000GYI85O,1	
B000GYI87M,2	
B000GYI8A4,1	
B000GYI8HW,1	
B000GYI8IG,4	
B000GYI8JU,3	
B000GYI8KE,9	
B000GYI8L8,1	
B000GYI8LS,10	
B000GYI8MC,4	
B000GYI8NQ,1	
B000GYI8PO,1	
B000GYI8R2,1	
B000GYI8RM,1	
B000GYI8T0,2	
B000GYI8TK,2	
B000GYI8VI,1	
B000GYI8XG,8	
B000GYI8YU,2	
B000GYI8ZE,4	
B000GYIKT8,1	
B000H2M6W6,1	
B000HTP96Y,3	
B000HWYS9K,2	
B000IOF1AC,13	
B000J4OU0S,1	
B000J4OU26,1	
B000J4OU2Q,1	
B000J4OU6M,1	
B000J4OU9Y,1	
B000J4OUB2,2	
B000J4OUD0,1	
B000J4OUDK,1	
B000J4OULC,2	
B000J4OUO4,1	
B000MKYL0S,38	
B000MV852W,2	
B000MV853G,1	
B000MV854U,1	
B000MV855E,1	
B000MV857C,1	
B000MV8586,18	
B000MV85AE,2	
B000MV85BS,1	
B000MV85H2,2	
B000MV85HM,5	
B000MV8HTI,5	
B000N3TLZE,2	
B000O5B6GS,33	
B000O797OE,10	
B000PC0F9E,1	
