002804049X,1,6,6.00	
006113774X,1,136,136.00	
013035211X,7,958,136.86	
014029323X,15,3216,214.40	
019434469X,2,158,79.00	
019507386X,1,100,100.00	
019508022X,3,568,189.33	
019509042X,2,138,69.00	
019823693X,1,618,618.00	
019825847X,3,752,250.67	
020171972X,1,110,110.00	
020177321X,5,350,70.00	
025321761X,1,92,92.00	
025334364X,4,627,156.75	
029271159X,3,506,168.67	
031022778X,16,1332,83.25	
032133020X,3,947,315.67	
034546172X,7,804,114.86	
037380234X,4,800,200.00	
039332849X,19,7807,410.89	
041505771X,1,246,246.00	
041514258X,1,138,138.00	
041516835X,1,33,33.00	
041523168X,2,732,366.00	
047117727X,4,367,91.75	
048627618X,5,694,138.80	
048641745X,12,864,72.00	
051758512X,10,1881,188.10	
052101090X,1,64,64.00	
052125678X,2,591,295.50	
055329993X,20,2231,111.55	
055357857X,26,4425,170.19	
059521360X,2,155,77.50	
061902089X,5,351,70.20	
066422685X,7,517,73.86	
066422802X,19,1775,93.42	
067232802X,9,1103,122.56	
067978179X,10,2119,211.90	
068984381X,12,915,76.25	
069111515X,2,288,144.00	
073820451X,25,5225,209.00	
073852008X,7,1173,167.57	
074254690X,2,465,232.50	
074324995X,7,342,48.86	
075965980X,2,150,75.00	
076032199X,37,6141,165.97	
076151340X,20,1606,80.30	
076195404X,1,55,55.00	
076197864X,4,598,149.50	
076617235X,1,50,50.00	
078214165X,5,120,24.00	
078611343X,2,107,53.50	
078794288X,23,3108,135.13	
080102692X,5,1365,273.00	
080106502X,22,4285,194.77	
080148412X,2,345,172.50	
080240734X,11,1881,171.00	
080280120X,3,1296,432.00	
080284734X,2,238,119.00	
080583818X,1,26,26.00	
080712866X,1,573,573.00	
080784232X,5,367,73.40	
080913280X,3,276,92.00	
080913778X,1,63,63.00	
081301493X,2,912,456.00	
081302627X,4,407,101.75	
082032342X,2,309,154.50	
082561645X,2,98,49.00	
082631886X,1,234,234.00	
082651362X,1,762,762.00	
082760520X,4,756,189.00	
083580948X,2,105,52.50	
084931920X,1,146,146.00	
084990207X,1,89,89.00	
086171492X,6,1227,204.50	
087123811X,3,307,102.33	
087154234X,6,2743,457.17	
087159868X,1,16,16.00	
087630563X,1,43,43.00	
087840385X,1,33,33.00	
088388061X,4,473,118.25	
088864390X,1,112,112.00	
089689147X,8,1680,210.00	
089729985X,1,374,374.00	
089733261X,4,251,62.75	
091897304X,16,4154,259.62	
093678346X,6,647,107.83	
093829458X,18,2629,146.06	
094088061X,4,202,50.50	
095514132X,3,151,50.33	
096278415X,3,359,119.67	
096489744X,3,228,76.00	
096581081X,2,49,24.50	
096663893X,24,6617,275.71	
096697106X,1,68,68.00	
096701770X,3,374,124.67	
096710680X,7,1163,166.14	
096882742X,3,1595,531.67	
097148676X,2,164,82.00	
097420613X,30,2332,77.73	
097536880X,9,1083,120.33	
121370305,2,33,16.50	
123965616,1,115,115.00	
130114960,8,360,45.00	
130198552,9,1263,140.33	
130224952,1,28,28.00	
130225576,6,707,117.83	
130263052,6,577,96.17	
130352179,3,165,55.00	
130974625,4,569,142.25	
136730620,3,110,36.67	
1400042704,144,43378,301.24	
1400152798,11,1790,162.73	
1401002854,3,334,111.33	
1401004024,4,378,94.50	
1401020038,1,118,118.00	
1401023770,1,153,153.00	
1401033997,1,163,163.00	
1401040306,8,1234,154.25	
1401045235,2,280,140.00	
1401054811,7,2271,324.43	
1401072070,1,27,27.00	
140120256X,35,6480,185.14	
140141499,6,518,86.33	
1402161840,1,233,233.00	
1403300763,2,277,138.50	
1403315892,17,3263,191.94	
1403395101,3,457,152.33	
1403903514,1,2537,2537.00	
1404202811,1,164,164.00	
1404204032,1,248,248.00	
1404229280,1,41,41.00	
1404313451,6,1027,171.17	
140435190,4,3840,960.00	
1405100648,3,506,168.67	
1410712818,2,200,100.00	
1410713466,1,1341,1341.00	
1410717720,7,573,81.86	
1410718344,1,79,79.00	
1410730026,2,130,65.00	
1410786390,2,71,35.50	
1411610628,2,102,51.00	
1411632141,6,362,60.33	
1411673352,1,13,13.00	
1411689003,2,367,183.50	
1412003903,5,876,175.20	
141200392X,4,398,99.50	
141207259X,1,38,38.00	
1413405290,1,59,59.00	
1413419747,1,962,962.00	
1413430805,3,138,46.00	
1413432077,3,339,113.00	
1413472664,4,340,85.00	
1413498485,4,369,92.25	
1413740510,1,34,34.00	
1413741185,3,446,148.67	
1413745466,4,752,188.00	
1413749720,1,331,331.00	
141390123,32,6883,215.09	
1414002920,4,388,97.00	
141402505X,1,38,38.00	
1414103336,1,147,147.00	
1414103360,14,2043,145.93	
1414103387,4,261,65.25	
1414243820,11,1059,96.27	
1416903658,9,971,107.89	
141690798X,11,1261,114.64	
1417627530,539,83839,155.55	
1417906170,9,674,74.89	
1417937211,1,62,62.00	
1418404578,3,761,253.67	
1418426040,1,109,109.00	
1418430714,14,1755,125.36	
1418492892,2,96,48.00	
1418508756,11,826,75.09	
1419117777,2,309,154.50	
1419129090,18,2359,131.06	
1419179802,3,319,106.33	
1419190938,1,20,20.00	
1419612018,1,304,304.00	
1420816799,1,21,21.00	
1420826972,8,341,42.62	
1420832735,2,215,107.50	
1420832786,3,247,82.33	
1420848410,1,59,59.00	
1420880438,1,103,103.00	
1421808536,5,593,118.60	
142437824,1,122,122.00	
1425329322,1,616,616.00	
1425905730,1,30,30.00	
152023720,8,584,73.00	
152323201,2,175,87.50	
152438173,30,2860,95.33	
1550651315,1,35,35.00	
1550651366,1,155,155.00	
1551641941,2,205,102.50	
1552451275,1,316,316.00	
1553940415,5,260,52.00	
155404121X,3,173,57.67	
1555178421,12,1068,89.00	
1555178448,3,631,210.33	
1555520367,4,332,83.00	
1555913253,2,249,124.50	
1556201885,2,76,38.00	
1556228252,1,53,53.00	
1556616260,6,341,56.83	
1557345422,13,739,56.85	
1557429227,64,3772,58.94	
1557984557,9,414,46.00	
1557988811,5,319,63.80	
1557988889,10,1609,160.90	
1558194746,2,84,42.00	
1558217096,15,1139,75.93	
1558322132,7,1273,181.86	
1558489010,1,35,35.00	
1558489037,8,848,106.00	
1558614605,1,107,107.00	
1558614656,1,167,167.00	
1558615229,2,122,61.00	
1558686959,2,176,88.00	
1558746137,5,815,163.00	
1558850600,11,2331,211.91	
1558851275,1,32,32.00	
1560000643,1,151,151.00	
1560005548,1,222,222.00	
156006243,39,8488,217.64	
1560242167,1,78,78.00	
1560256672,21,2355,112.14	
1560256699,6,680,113.33	
1561012726,3,1560,520.00	
1561452742,5,766,153.20	
1561452769,16,1947,121.69	
156148380X,3,173,57.67	
1561583677,7,698,99.71	
1561584223,8,2112,264.00	
156158424X,10,1461,146.10	
1561632139,1,192,192.00	
1561704601,55,6334,115.16	
1561709530,6,458,76.33	
1562539191,2,89,44.50	
1562790528,12,2003,166.92	
1562791125,1,259,259.00	
1562863665,2,173,86.50	
1562921622,6,381,63.50	
1563088959,1,185,185.00	
1563382962,2,244,122.00	
1563383586,2,157,78.50	
1563384108,2,674,337.00	
1563897288,9,2096,232.89	
1564594769,1,35,35.00	
1564772942,11,822,74.73	
1565491904,1,890,890.00	
1565843606,1,637,637.00	
1565843630,3,528,176.00	
1565844254,12,1368,114.00	
1565848586,3,790,263.33	
1566394619,6,1023,170.50	
1566562619,1,83,83.00	
1566635705,2,712,356.00	
1566635780,9,1339,148.78	
156663637X,11,2485,225.91	
1567202926,1,84,84.00	
1567202977,8,553,69.12	
1567502407,1,97,97.00	
1567921582,7,2731,390.14	
1567922104,4,741,185.25	
1568219938,2,100,50.00	
1568330812,4,222,55.50	
1568382820,6,470,78.33	
1568388373,6,629,104.83	
1568581939,35,8869,253.40	
1568985649,3,466,155.33	
157003088X,1,99,99.00	
157025141X,2,167,83.50	
1570671141,9,846,94.00	
1571662308,6,809,134.83	
157188176X,17,1570,92.35	
1571972064,14,584,41.71	
1572233834,3,424,141.33	
1572233885,3,146,48.67	
1572235004,5,800,160.00	
1572306998,2,76,38.00	
1572307595,6,895,149.17	
1572308141,1,232,232.00	
1572308192,1,130,130.00	
1572434198,3,61,20.33	
1572438479,10,498,49.80	
1572490799,2,453,226.50	
1573225622,5,375,75.00	
1573229954,5,296,59.20	
1573241687,9,1090,121.11	
1573247189,1,201,201.00	
1573833665,3,596,198.67	
1573927643,6,809,134.83	
1573928291,16,3762,235.12	
1574090909,3,360,120.00	
1574090933,10,1190,119.00	
157409095X,4,629,157.25	
1574091506,6,930,155.00	
1574091530,9,619,68.78	
1574092154,2,340,170.00	
1574442686,7,575,82.14	
1574443259,6,607,101.17	
1574531786,7,941,134.43	
1575029863,5,452,90.40	
1575250756,2,70,35.00	
1575251302,8,1056,132.00	
157525137X,1,48,48.00	
1575451042,4,215,53.75	
1575451069,57,7510,131.75	
1576750795,10,2414,241.40	
1576751392,8,909,113.62	
1577344383,2,203,101.50	
157749122X,1,82,82.00	
1577941608,6,353,58.83	
1577946537,1,17,17.00	
1578063345,5,1040,208.00	
1578063396,8,915,114.38	
1578194253,4,159,39.75	
157826183X,5,517,103.40	
1578261864,17,3901,229.47	
1578630177,4,286,71.50	
1578702666,11,1323,120.27	
1579620728,3,840,280.00	
158005093X,32,3897,121.78	
1580050964,7,823,117.57	
1580051588,4,922,230.50	
1580460461,1,189,189.00	
1580626955,14,844,60.29	
1580627579,6,1439,239.83	
158080084X,1,87,87.00	
1580910890,17,3548,208.71	
1581054017,1,12,12.00	
158112712X,9,645,71.67	
158115271X,7,489,69.86	
1581347162,8,1358,169.75	
1582405913,2,575,287.50	
158240593X,5,1009,201.80	
1582700567,2,75,37.50	
158333100X,13,666,51.23	
1583331085,4,122,30.50	
1583670610,2,218,109.00	
1583671234,4,687,171.75	
1584280204,8,457,57.12	
1584280255,5,609,121.80	
1584793384,18,862,47.89	
1584883006,2,1017,508.50	
1585003719,2,262,131.00	
1585003794,11,1102,100.18	
1585008621,10,1514,151.40	
1585008648,3,199,66.33	
1585008672,7,1031,147.29	
1585008699,1,61,61.00	
1585092630,30,3826,127.53	
1585130346,5,443,88.60	
1585130397,6,510,85.00	
1585160814,6,249,41.50	
1585181730,1,89,89.00	
1585182354,5,146,29.20	
1585423416,7,1256,179.43	
1585424064,11,1370,124.55	
1585953156,3,235,78.33	
1585953180,1,331,331.00	
1586670972,2,162,81.00	
1586855220,7,468,66.86	
1587155109,1,264,264.00	
1587158868,25,5487,219.48	
1587887606,3,253,84.33	
1588115267,1,216,216.00	
1588200035,1,124,124.00	
1588204391,4,491,122.75	
1588381706,5,408,81.60	
1588381781,1,22,22.00	
1588512800,5,221,44.20	
1588514099,1,56,56.00	
158851837X,4,316,79.00	
1589394461,1,27,27.00	
1589630696,1,21,21.00	
1589793218,6,746,124.33	
1589793242,1,54,54.00	
1590030311,8,1787,223.38	
1590030338,2,272,136.00	
1590030389,10,967,96.70	
1590170822,2,591,295.50	
1590170849,2,580,290.00	
159017089X,1,339,339.00	
1590171497,10,3203,320.30	
1590301943,6,895,149.17	
1590340094,2,137,68.50	
1590481151,1,134,134.00	
1590521951,21,4366,207.90	
1590523121,11,1875,170.45	
1590523148,9,518,57.56	
1590523172,446,60154,134.87	
1590560051,4,892,223.00	
1590590597,3,360,120.00	
1590591119,3,717,239.00	
1590591143,7,855,122.14	
159059116X,3,380,126.67	
1590591194,14,1681,120.07	
1590594827,4,503,125.75	
1590594851,6,1654,275.67	
1590595424,8,2610,326.25	
1590595475,8,2603,325.38	
1591020913,23,2847,123.78	
159102093X,2,186,93.00	
1591020964,2,586,293.00	
1591022134,1,525,525.00	
1591022185,17,1419,83.47	
1591137004,3,454,151.33	
1591137055,4,526,131.50	
1591146607,4,761,190.25	
1591146631,3,213,71.00	
1591166950,1,137,137.00	
1591167523,7,1551,221.57	
159116754X,3,584,194.67	
1591292956,4,304,76.00	
1591293502,1,37,37.00	
1591297885,2,161,80.50	
1591582342,2,71,35.50	
1591602823,3,301,100.33	
159160284X,3,431,143.67	
1591603420,1,86,86.00	
1591603471,2,196,98.00	
1591604095,2,176,88.00	
1591607752,1,73,73.00	
1591666198,1,83,83.00	
1591823404,3,481,160.33	
1591840090,6,1010,168.33	
1591858828,158,23177,146.69	
1592323006,9,834,92.67	
1592761852,1,149,149.00	
1592850952,18,608,33.78	
1593083238,74,12383,167.34	
1593303432,1,163,163.00	
1593303459,3,478,159.33	
1593303483,3,147,49.00	
1593350538,175,23912,136.64	
1593359799,28,5661,202.18	
1593371403,2,170,85.00	
1593371454,5,416,83.20	
1593540051,1,55,55.00	
1594142610,2,673,336.50	
1594142688,2,282,141.00	
1594143234,4,608,152.00	
1594200696,89,8136,91.42	
1594567263,655,107691,164.41	
159467177X,2,149,74.50	
1594676682,2,96,48.00	
1594677204,4,630,157.50	
1594730385,1,68,68.00	
159493004X,6,1007,167.83	
1594930074,40,3904,97.60	
1595081607,1,118,118.00	
1596001100,108,6957,64.42	
1596006080,114,21182,185.81	
1596221135,1,94,94.00	
1597521434,9,1578,175.33	
1597813931,1,87,87.00	
1597819409,1,96,96.00	
1598990128,2,196,98.00	
1840593482,2,162,81.00	
1841133809,1,156,156.00	
1841951765,5,593,118.60	
1842273175,2,574,287.00	
1842837850,20,2891,144.55	
1842837877,2,171,85.50	
1843101718,2,250,125.00	
184310721X,6,1072,178.67	
1843107244,1,171,171.00	
1843762366,1,46,46.00	
1844072452,1,127,127.00	
1844151352,2,166,83.00	
1844250601,1,21,21.00	
1844250628,12,625,52.08	
1844250652,2,112,56.00	
184467522X,1,134,134.00	
1846370388,9,840,93.33	
1850441332,1,137,137.00	
1850896429,11,2207,200.64	
1852428619,1,75,75.00	
1853918490,40,2648,66.20	
185391908X,17,1508,88.71	
1855205246,2,266,133.00	
185728237X,1,97,97.00	
1857443950,25,7140,285.60	
1858561795,1,166,166.00	
1859060722,1,258,258.00	
1860744370,9,2210,245.56	
1861081197,3,272,90.67	
1861263678,2,147,73.50	
1872004199,5,259,51.80	
1873938241,3,243,81.00	
1875559345,3,362,120.67	
1878569864,2,104,52.00	
1878823205,3,188,62.67	
1878823280,7,448,64.00	
1878891251,1,32,32.00	
1879159163,11,1504,136.73	
1879194899,1,297,297.00	
1879378523,5,407,81.40	
1879505312,4,490,122.50	
1880685221,91,11912,130.90	
1880685248,9,1089,121.00	
1880685272,3,1314,438.00	
1881163385,1,69,69.00	
1881273377,44,2779,63.16	
1881515060,1,140,140.00	
1882190866,5,350,70.00	
1882593979,17,2642,155.41	
188260119X,2,147,73.50	
1882982584,1,80,80.00	
1882983157,1,70,70.00	
1883011051,2,295,147.50	
1883011078,19,4943,260.16	
1883220319,4,329,82.25	
1883249872,4,437,109.25	
1883249899,7,812,116.00	
1883283094,7,645,92.14	
1883319250,21,2429,115.67	
1883319277,1,58,58.00	
1883937493,4,729,182.25	
1884731031,5,478,95.60	
1884734766,3,429,143.00	
1885030320,13,1304,100.31	
1885030347,1,142,142.00	
1885030398,10,1973,197.30	
1885171404,21,4477,213.19	
1885670028,2,353,176.50	
1885778511,2,203,101.50	
1885941609,2,258,129.00	
1885942230,2,439,219.50	
1885983468,4,403,100.75	
1885983492,2,456,228.00	
1886110638,4,367,91.75	
1886110662,3,223,74.33	
1886350922,1,59,59.00	
188638813X,3,323,107.67	
1887805001,1,172,172.00	
1890035149,1,187,187.00	
1890035173,8,1006,125.75	
1890318043,5,2214,442.80	
189035001X,30,6973,232.43	
1890437611,3,744,248.00	
1890437689,4,614,153.50	
1890460060,6,357,59.50	
1890490555,17,2335,137.35	
1891053019,15,2929,195.27	
189110523X,25,1248,49.92	
1891724029,12,1725,143.75	
1891885456,5,1060,212.00	
1892389398,5,1021,204.20	
1892950626,13,1689,129.92	
1892950677,4,1496,374.00	
1893858219,36,3154,87.61	
189426326X,1,306,306.00	
1894283511,1,504,504.00	
1894869710,5,677,135.40	
1894869788,3,537,179.00	
1896597122,16,1559,97.44	
1896597149,13,1881,144.69	
1902405129,3,842,280.67	
1903350069,1,419,419.00	
1904492460,12,1785,148.75	
190455041X,2,251,125.50	
1904697003,4,155,38.75	
190469702X,1,25,25.00	
1904697054,9,544,60.44	
1905236840,2,187,93.50	
191990123X,2,271,135.50	
1928704220,1,69,69.00	
1929229046,2,139,69.50	
1929229070,7,439,62.71	
1929355025,6,792,132.00	
192938128X,2,194,97.00	
1930074050,6,693,115.50	
1930252250,4,482,120.50	
1930278020,3,648,216.00	
1930388063,1,92,92.00	
1930409117,17,2843,167.24	
1930429487,17,1671,98.29	
1930556063,3,71,23.67	
193055608X,1,94,94.00	
1930692269,4,474,118.50	
1930865120,32,7083,221.34	
1930865198,3,455,151.67	
1930964420,3,559,186.33	
1930964447,3,483,161.00	
1931018146,2,139,69.50	
1931018170,12,1809,150.75	
1931018197,7,684,97.71	
1931044309,31,4265,137.58	
1931232652,2,607,303.50	
1931709424,16,1769,110.56	
1931709475,1,52,52.00	
1931741425,8,1288,161.00	
1931836051,25,4185,167.40	
1931945446,9,1284,142.67	
1931945497,3,413,137.67	
1932077308,1,196,196.00	
1932077332,53,6612,124.75	
1932319093,7,340,48.57	
1932461086,1,17,17.00	
193284810X,1,61,61.00	
1932864199,3,244,81.33	
1933274050,3,458,152.67	
1933368004,6,1035,172.50	
195068505,2,89,44.50	
195073878,1,28,28.00	
195085140,240,35527,148.03	
195099621,1,109,109.00	
195099699,1,121,121.00	
195115821,3,196,65.33	
195117018,7,745,106.43	
195117093,3,1486,495.33	
195132432,1,258,258.00	
195133080,1,178,178.00	
195158253,2,382,191.00	
195221583,5,786,157.20	
195222180,9,2548,283.11	
198112475,2,181,90.50	
198163886,2,166,83.00	
198184700,1,49,49.00	
198207026,1,24,24.00	
198222416,1,348,348.00	
198258461,3,415,138.33	
198299648,1,173,173.00	
198510608,1,122,122.00	
198515561,2,293,146.50	
198710399,2,248,124.00	
198751532,2,709,354.50	
198752180,1,75,75.00	
199250596,2,1129,564.50	
199271461,1,53,53.00	
199286590,1,59,59.00	
201379376,57,10399,182.44	
201433079,25,2743,109.72	
201489392,24,3950,164.58	
201616130,7,954,136.29	
202360792,1,40,40.00	
205308783,3,75,25.00	
205315119,3,213,71.00	
2070501426,15,961,64.07	
2080112570,3,217,72.33	
2253147664,1,117,117.00	
226027228,2,272,136.00	
226143082,3,276,92.00	
226283569,1,377,377.00	
226284115,3,372,124.00	
226410331,1,111,111.00	
226429768,2,310,155.00	
226486990,3,191,63.67	
226534804,1,76,76.00	
226534855,7,810,115.71	
226644820,1,123,123.00	
226703401,1,66,66.00	
226703428,1,52,52.00	
226770850,1,41,41.00	
226776301,2,227,113.50	
226960315,19,3611,190.05	
231105452,1,66,66.00	
231109784,2,145,72.50	
231111290,1,303,303.00	
231120842,4,3098,774.50	
231122012,1,486,486.00	
252026748,1,340,340.00	
252027345,1,78,78.00	
252067908,1,280,280.00	
252067983,9,932,103.56	
253318092,1,91,91.00	
253343631,2,1123,561.50	
262011441,4,711,177.75	
262232057,9,504,56.00	
262510049,2,514,257.00	
262523930,2,505,252.50	
262540568,13,3826,294.31	
262581701,1,65,65.00	
262581728,1,366,366.00	
262650533,4,1135,283.75	
262691795,4,238,59.50	
262692368,7,632,90.29	
262740206,1,239,239.00	
268013217,5,735,147.00	
268017522,1,981,981.00	
271019018,2,107,53.50	
271019042,2,278,139.00	
275959317,1,44,44.00	
275970450,2,371,185.50	
28642686,7,504,72.00	
2881245617,1,60,60.00	
2895071063,2,56,28.00	
295973609,1,47,47.00	
295983833,1,56,56.00	
300044941,5,988,197.60	
300051328,1,209,209.00	
300065809,25,2879,115.16	
300081871,7,882,126.00	
300081898,1,49,49.00	
300082495,32,2870,89.69	
300103549,18,2043,113.50	
300104146,1,38,38.00	
300108427,2,364,182.00	
304332224,1,65,65.00	
306461501,2,187,93.50	
306813289,5,1784,356.80	
309052971,1,34,34.00	
30965756,1,71,71.00	
310227747,3,336,112.00	
310227771,26,2170,83.46	
310240026,4,492,123.00	
310473918,7,365,52.14	
310499712,4,314,78.50	
310931304,5,590,118.00	
312111800,1,550,550.00	
312179456,14,1712,122.29	
312195419,29,3693,127.34	
312227396,1,21,21.00	
312267908,6,1696,282.67	
312267932,126,11476,91.08	
312285191,40,2997,74.92	
312300794,4,191,47.75	
312337361,97,14006,144.39	
312992432,138,22676,164.32	
313259771,1,64,64.00	
313312877,2,534,267.00	
3161453549,4,576,144.00	
316366366,5,508,101.60	
316722715,33,3859,116.94	
316816795,24,2298,95.75	
321078047,1,44,44.00	
321118847,3,1308,436.00	
321118898,15,4000,266.67	
340818484,1,206,206.00	
345340949,14,1286,91.86	
345357221,1,174,174.00	
345393503,10,1060,106.00	
345410351,1,64,64.00	
345434927,30,7493,249.77	
345473027,28,4618,164.93	
345483278,4,266,66.50	
345486986,3,662,220.67	
3527303723,5,471,94.20	
3540004890,1,196,196.00	
3540078339,2,276,138.00	
3540424512,6,856,142.67	
3551551685,5,581,116.20	
374222436,16,3085,192.81	
375801383,62,3691,59.53	
375806237,20,1337,66.85	
380727129,8,1011,126.38	
380794551,50,6377,127.54	
380794578,68,8547,125.69	
380820900,9,1620,180.00	
385337833,7,1345,192.14	
385413025,2,513,256.50	
385485328,6,479,79.83	
385722109,41,5605,136.71	
387944893,10,449,44.90	
387945466,4,353,88.25	
389206008,1,172,172.00	
3908247322,7,921,131.57	
393306976,2,633,316.50	
393307573,3,402,134.00	
393308146,7,658,94.00	
393308197,22,4804,218.36	
393322963,158,35022,221.66	
393323536,8,1402,175.25	
393323587,11,1190,108.18	
393327868,5,554,110.80	
394759621,6,319,53.17	
394861027,39,2218,56.87	
395253772,16,1454,90.88	
395253799,7,397,56.71	
395525926,7,784,112.00	
395877466,7,1048,149.71	
395935423,10,667,66.70	
395936098,19,1594,83.89	
399241523,94,12363,131.52	
413710300,9,1112,123.56	
415057752,2,165,82.50	
415142598,1,138,138.00	
415147476,1,342,342.00	
415164036,1,257,257.00	
415167795,2,150,75.00	
415183782,3,132,44.00	
415231698,2,732,366.00	
415252539,1,128,128.00	
415277760,4,477,119.25	
415341663,1,94,94.00	
415361958,1,267,267.00	
415912776,1,95,95.00	
415918278,13,3778,290.62	
415969638,1,1077,1077.00	
415970571,1,221,221.00	
425178218,22,3315,150.68	
425199185,29,6677,230.24	
439316634,5,277,55.40	
439399629,10,662,66.20	
439625769,7,320,45.71	
439829739,95,6717,70.71	
440224551,44,7267,165.16	
440229405,134,22527,168.11	
440241111,63,13530,214.76	
440241162,87,14880,171.03	
440241189,7,1876,268.00	
440905605,37,5984,161.73	
446384046,11,672,61.09	
446603694,11,1340,121.82	
446693154,12,2394,199.50	
448428725,36,2247,62.42	
451210522,3,242,80.67	
452270332,3,200,66.67	
452278996,20,1084,54.20	
465007643,16,4803,300.19	
465045146,8,3237,404.62	
465086357,5,273,54.60	
470017686,8,1029,128.62	
470233389,8,744,93.00	
471003999,41,7122,173.71	
471192627,6,2075,345.83	
471203661,3,93,31.00	
471225150,3,269,89.67	
471249750,17,1529,89.94	
471249777,2,374,187.00	
471265764,1,23,23.00	
471291978,1,55,55.00	
471370878,20,1925,96.25	
471402753,12,1125,93.75	
471430005,13,2188,168.31	
471571113,1,84,84.00	
471575445,1,85,85.00	
471648558,3,369,123.00	
471711861,1,58,58.00	
471716766,20,1670,83.50	
471732729,16,1761,110.06	
471998826,2,836,418.00	
486213471,7,1778,254.00	
486217701,2,298,149.00	
486233766,3,288,96.00	
486258963,15,719,47.93	
486259536,5,358,71.60	
486270645,13,1279,98.38	
486271269,4,231,57.75	
486275523,8,1281,160.12	
486276198,11,1113,101.18	
486291510,1,481,481.00	
486291588,3,169,56.33	
486297012,23,5540,240.87	
486417417,2,202,101.00	
486600882,23,7038,306.00	
4916079124,7,1117,159.57	
500282684,7,545,77.86	
517884070,64,6893,107.70	
520045572,1,20,20.00	
520067037,3,356,118.67	
520077288,3,586,195.33	
520097580,1,55,55.00	
520204026,4,453,113.25	
520223721,1,97,97.00	
520229223,3,370,123.33	
520245288,3,765,255.00	
521200431,2,349,174.50	
521214963,1,59,59.00	
521219892,1,67,67.00	
521287812,3,357,119.00	
521294274,1,116,116.00	
521305209,2,390,195.00	
521382750,2,1141,570.50	
521415225,4,1036,259.00	
521451558,1,72,72.00	
521456436,2,353,176.50	
521457084,3,772,257.33	
521476755,2,328,164.00	
521477301,1,142,142.00	
521477379,11,2153,195.73	
521497671,1,32,32.00	
521531004,3,921,307.00	
521545536,2,843,421.50	
521545587,10,2073,207.30	
521546184,25,5391,215.64	
521549892,1,3433,3433.00	
521560977,1,574,574.00	
521583012,1,63,63.00	
521583063,1,310,310.00	
521586747,2,150,75.00	
521596971,1,229,229.00	
521619297,1,8,8.00	
521638968,2,394,197.00	
521650623,3,49,16.33	
521659809,1,388,388.00	
521676444,1,18,18.00	
521677017,7,368,52.57	
521677041,3,168,56.00	
521780934,2,419,209.50	
521859573,3,1058,352.67	
527763012,2,246,123.00	
533125138,7,356,50.86	
552146730,34,4035,118.68	
553264583,7,789,112.71	
553268864,52,5350,102.88	
553378880,7,452,64.57	
553573616,115,9078,78.94	
553574264,16,2629,164.31	
553578596,17,2904,170.82	
553579169,8,931,116.38	
567025608,1,472,472.00	
567084051,1,80,80.00	
567088308,9,1710,190.00	
570042542,3,954,318.00	
573608776,8,641,80.12	
582312876,2,468,234.00	
582553776,7,767,109.57	
590480871,72,7314,101.58	
595120261,1,62,62.00	
595125166,3,349,116.33	
595129498,4,307,76.75	
595141129,3,252,84.00	
595141153,3,141,47.00	
595146007,1,57,57.00	
595146031,2,166,83.00	
595146058,2,146,73.00	
595159915,9,2028,225.33	
595171621,2,168,84.00	
595171672,5,617,123.40	
595172296,2,395,197.50	
595177123,1,102,102.00	
595191940,2,338,169.00	
595191991,2,222,111.00	
595197469,2,578,289.00	
595198090,3,376,125.33	
595213618,3,135,45.00	
595214215,2,295,147.50	
595218520,1,50,50.00	
595218598,1,14,14.00	
595245307,2,163,81.50	
595249612,3,216,72.00	
595256074,1,98,98.00	
595260799,5,922,184.40	
595266274,18,2943,163.50	
595269907,24,2808,117.00	
595303366,3,297,99.00	
595308295,1,116,116.00	
595323685,5,371,74.20	
595328563,7,817,116.71	
595338712,2,143,71.50	
595344550,32,3783,118.22	
595344577,2,124,62.00	
595354750,12,2024,168.67	
595355374,1,327,327.00	
595361110,10,3324,332.40	
595361161,2,797,398.50	
595370764,10,1004,100.40	
595375693,1,108,108.00	
595376290,2,418,209.00	
595379974,6,585,97.50	
595392229,1,77,77.00	
595654231,2,148,74.00	
595659160,1,44,44.00	
595663834,4,545,136.25	
595669360,5,696,139.20	
595774423,9,910,101.11	
596001487,7,576,82.29	
596002033,16,2204,137.75	
596005717,75,8022,106.96	
596005792,19,3097,163.00	
596006314,32,4615,144.22	
596006365,7,1090,155.71	
600371050,1,129,129.00	
60514299,4,307,76.75	
60519150,13,1118,86.00	
60539496,8,515,64.38	
60544767,17,2579,151.71	
60585978,4,668,167.00	
60654732,13,1072,82.46	
60654759,3,398,132.67	
60780762,12,1626,135.50	
60785691,13,1184,91.08	
60828234,3,185,61.67	
60937653,62,4796,77.35	
60938226,12,2579,214.92	
60953616,60,12255,204.25	
60953667,13,1551,119.31	
60958596,3,631,210.33	
60969342,6,411,68.50	
60970200,5,280,56.00	
61084980,1,449,449.00	
613150589,57,8590,150.70	
613176308,716,111245,155.37	
613633105,12,2799,233.25	
618133844,3,312,104.00	
618249338,5,474,94.80	
618302417,6,592,98.67	
618302468,11,4262,387.45	
618468722,1,38,38.00	
618646949,7,327,46.71	
620164433,3,117,39.00	
62503049,2,170,85.00	
62513273,3,112,37.33	
631208143,8,718,89.75	
631222960,1,87,87.00	
631224181,2,271,135.50	
634000179,10,585,58.50	
634004433,2,175,87.50	
634014692,6,423,70.50	
634051547,1,118,118.00	
635016524,4,505,126.25	
64460029,13,746,57.38	
658005677,1,17,17.00	
664221912,3,321,107.00	
664221939,7,4139,591.29	
664223133,7,4098,585.43	
671529528,22,1864,84.73	
671656155,56,6451,115.20	
671750445,7,630,90.00	
672307146,1,126,126.00	
672323133,4,392,98.00	
672326868,2,310,155.00	
672328038,17,1877,110.41	
672328089,8,1410,176.25	
674012402,2,204,102.00	
674013050,1,296,296.00	
674295188,1,46,46.00	
674525531,4,299,74.75	
674566769,1,195,195.00	
674583302,2,144,72.00	
674636120,3,537,179.00	
674740661,1,77,77.00	
674746139,1,97,97.00	
674893085,3,958,319.33	
674945204,1,94,94.00	
67574610,17,2204,129.65	
679436340,6,1039,173.17	
679728813,2,463,231.50	
679729461,4,219,54.75	
679744827,8,2119,264.88	
684814021,13,1328,102.15	
684845113,22,2633,119.68	
684865483,21,2903,138.24	
684866005,32,6341,198.16	
687426375,1,61,61.00	
688103529,6,560,93.33	
688166253,30,3151,105.03	
688800696,15,661,44.07	
689717849,40,5344,133.60	
689822936,29,1685,58.10	
689843828,4,175,43.75	
689843879,11,529,48.09	
689844476,33,2867,86.88	
689869649,2,173,86.50	
691010471,1,48,48.00	
691015376,6,650,108.33	
691019681,41,10224,249.37	
691115168,1,124,124.00	
691125341,3,195,65.00	
696220113,1,114,114.00	
698114000,10,760,76.00	
698114027,11,976,88.73	
698114051,4,225,56.25	
698114078,28,3427,122.39	
700609334,1,132,132.00	
70375895,7,475,67.86	
70487030,10,717,71.70	
713489049,6,3956,659.33	
71362703,8,1257,157.12	
713666676,1,191,191.00	
71368280,29,5910,203.79	
71374043,1,56,56.00	
71387978,6,503,83.83	
71446532,5,372,74.40	
71451854,3,269,89.67	
714836613,1,86,86.00	
72259558,5,2152,430.40	
727862812,3,333,111.00	
727916254,4,573,143.25	
735303460,1,88,88.00	
736001557,13,1542,118.62	
736033270,2,116,58.00	
736037551,13,2524,194.15	
736655778,10,1301,130.10	
736914021,6,736,122.67	
736914048,17,2541,149.47	
736917756,3,224,74.67	
738200247,16,2367,147.94	
738204501,11,2834,257.64	
738504033,1,46,46.00	
738514209,1,174,174.00	
738514233,4,871,217.75	
738514284,4,200,50.00	
738533904,3,733,244.33	
738538833,1,49,49.00	
738703125,25,1851,74.04	
738703176,6,489,81.50	
738806781,7,395,56.43	
738813192,3,292,97.33	
738818097,1,37,37.00	
738823341,1,106,106.00	
738843660,1,229,229.00	
740722433,1,76,76.00	
740726765,6,453,75.50	
740742752,5,257,51.40	
741403919,5,286,57.20	
741403994,2,179,89.50	
741408848,3,482,160.67	
741408872,6,440,73.33	
741410303,7,1402,200.29	
741415232,9,412,45.78	
741425483,1,38,38.00	
742512193,2,36,18.00	
742546918,2,465,232.50	
742625869,1,37,37.00	
743236033,3,97,32.33	
743249992,445,67036,150.64	
743251423,39,3183,81.62	
743267125,29,2476,85.38	
743456068,10,2260,226.00	
743529103,2,111,55.50	
745140408,1,26,26.00	
745166253,10,995,99.50	
746016387,1,204,204.00	
749005912,1,268,268.00	
752437275,2,195,97.50	
752866524,8,1156,144.50	
752867199,2,131,65.50	
753459507,3,520,173.33	
754651320,1,98,98.00	
756402905,4,734,183.50	
756765242,7,1070,152.86	
758204035,12,2267,188.92	
758208340,18,2438,135.44	
759100675,4,1655,413.75	
759101248,1,140,140.00	
759106150,1,358,358.00	
759618607,1,86,86.00	
759650632,2,105,52.50	
759677077,7,780,111.43	
759944377,1,470,470.00	
761135553,32,3041,95.03	
761139834,51,3546,69.53	
761139885,19,1307,68.79	
761821929,1,342,342.00	
761833242,1,184,184.00	
761915958,1,271,271.00	
762730455,2,167,83.50	
763727180,23,1047,45.52	
764114948,1,15,15.00	
764130935,5,220,44.00	
764225510,15,2531,168.73	
764225537,4,640,160.00	
764229893,315,21263,67.50	
764310356,1,232,232.00	
764310380,6,673,112.17	
764314661,6,498,83.00	
764319590,1,63,63.00	
764425277,11,4014,364.91	
764577077,8,1979,247.38	
764586629,1,126,126.00	
764587250,3,121,40.33	
764587277,3,595,198.33	
764916866,1,139,139.00	
765348217,66,14485,219.47	
765601036,2,196,98.00	
765805057,1,74,74.00	
765809338,2,200,100.00	
765809389,2,337,168.50	
766176673,4,517,129.25	
767913469,18,1445,80.28	
769628583,6,524,87.33	
771030509,1,371,371.00	
771082568,29,3250,112.07	
773473807,1,37,37.00	
773516476,1,104,104.00	
773517073,3,518,172.67	
773753044,1,226,226.00	
778800296,6,672,112.00	
781809703,7,544,77.71	
781811236,2,488,244.00	
781811260,7,1025,146.43	
782141641,6,543,90.50	
785211357,22,1848,84.00	
785252517,9,917,101.89	
785252541,1,224,224.00	
785435697,1,26,26.00	
785745327,8,1623,202.88	
785924124,1,39,39.00	
786112859,4,749,187.25	
786112883,20,2538,126.90	
786114053,116,24566,211.78	
786118385,147,28395,193.16	
786134321,3,301,100.33	
786175583,8,2511,313.88	
786176180,35,6323,180.66	
786191570,107,16535,154.53	
786197072,29,3745,129.14	
786280697,9,1677,186.33	
786422513,1,60,60.00	
786605642,10,563,56.30	
786648074,1,400,400.00	
786866810,4,252,63.00	
786866861,2,457,228.50	
786882875,13,1332,102.46	
787942898,4,477,119.25	
787953563,3,880,293.33	
787963712,1,322,322.00	
787963739,2,246,123.00	
787980374,6,561,93.50	
789003724,1,591,591.00	
789003775,2,134,67.00	
789004399,1,41,41.00	
789009277,1,65,65.00	
789203464,3,95,31.67	
789208393,1,78,78.00	
789313480,6,616,102.67	
789465205,33,1480,44.85	
791415961,1,83,83.00	
791436829,2,334,167.00	
791437426,1,96,96.00	
791452840,1,91,91.00	
791453464,4,186,46.50	
791458342,1,244,244.00	
791800288,1,67,67.00	
792377028,1,507,507.00	
792377052,1,234,234.00	
793524954,3,114,38.00	
793540941,4,259,64.75	
793562457,2,218,109.00	
801022630,3,1753,584.33	
801027586,1,260,260.00	
801065011,1,86,86.00	
801065062,43,10164,236.37	
801441781,1,213,213.00	
801442303,2,391,195.50	
801442354,1,115,115.00	
801482941,1,64,64.00	
801488443,1,135,135.00	
801488494,1,70,70.00	
801849772,3,751,250.33	
801861403,3,109,36.33	
801862051,5,1356,271.20	
801866332,5,955,191.00	
801975727,2,260,130.00	
802009107,1,169,169.00	
802071651,1,151,151.00	
802140408,19,2965,156.05	
802140459,8,1593,199.12	
802313310,2,681,340.50	
802313337,2,744,372.00	
802313361,2,147,73.50	
802453899,22,2357,107.14	
802800696,4,516,129.00	
802801218,15,3171,211.40	
802801269,3,1346,448.67	
802804926,1,99,99.00	
802804950,10,3356,335.60	
802806120,1,386,386.00	
802806147,1,211,211.00	
802843050,8,1500,187.50	
803214804,4,267,66.75	
803262507,1,258,258.00	
803267487,9,896,99.56	
803282850,1,160,160.00	
803728506,19,1356,71.37	
803958714,2,144,72.00	
804719799,6,678,113.00	
804732000,1,169,169.00	
804736332,22,8777,398.95	
804752346,3,168,56.00	
805035680,12,1907,158.92	
805066748,1,108,108.00	
805073159,2,192,96.00	
805077464,52,5390,103.65	
805078037,17,1690,99.41	
805492208,7,339,48.43	
805837574,1,47,47.00	
805962905,11,1915,174.09	
806132507,1,120,120.00	
806132558,1,401,401.00	
806199563,2,241,120.50	
806500247,7,780,111.43	
806525495,1,352,352.00	
806645687,8,982,122.75	
806649941,2,230,115.00	
807041092,2,248,124.00	
807736600,11,533,48.45	
807736627,14,5252,375.14	
807741922,4,755,188.75	
807746851,10,1588,158.80	
807846619,2,301,150.50	
807846643,2,266,133.00	
807847216,2,276,138.00	
809044390,11,1651,150.09	
809132818,1,27,27.00	
809311666,1,62,62.00	
809510715,2,455,227.50	
809599287,1,397,397.00	
810115026,1,121,121.00	
810848163,1,135,135.00	
810906147,4,558,139.50	
810957582,10,2059,205.90	
811201104,3,93,31.00	
811210758,1,134,134.00	
811211304,2,265,132.50	
811211355,1,55,55.00	
811215660,3,633,211.00	
811215687,2,1242,621.00	
811216233,4,314,78.50	
811714284,4,580,145.00	
811728714,15,1140,76.00	
812065530,59,3216,54.51	
8120805976,1,292,292.00	
812218140,4,307,76.75	
812281233,1,90,90.00	
812972511,34,6052,178.00	
813014999,1,410,410.00	
813026210,5,499,99.80	
813026237,3,1926,642.00	
813026288,6,901,150.17	
813310172,1,106,106.00	
813340667,2,227,113.50	
813519098,1,361,361.00	
813530156,1,77,77.00	
813535034,1,56,56.00	
814325939,2,94,47.00	
814652204,6,2765,460.83	
814705022,4,520,130.00	
814766579,6,769,128.17	
814788068,17,3284,193.18	
814798217,2,1126,563.00	
815330065,1,279,279.00	
815334370,1,261,261.00	
815605900,1,139,139.00	
815606575,2,760,380.00	
815627416,2,185,92.50	
815702035,1,517,517.00	
815702086,3,1233,411.00	
816053308,2,229,114.50	
816053332,1,257,257.00	
816053359,2,50,25.00	
816515050,1,280,280.00	
816515077,3,402,134.00	
816519382,5,322,64.40	
816524602,1,227,227.00	
816625069,6,1041,173.50	
816635269,2,479,239.50	
816641005,1,40,40.00	
817013458,4,558,139.50	
817014004,3,214,71.33	
817014055,1,49,49.00	
817302298,20,5820,291.00	
8173043728,1,482,482.00	
817641831,1,311,311.00	
819199605,1,257,257.00	
819215856,6,926,154.33	
819566721,7,1539,219.86	
820323438,2,92,46.00	
820324035,2,96,48.00	
820418064,1,19,19.00	
820438308,1,13,13.00	
821224964,11,1090,99.09	
821225561,5,274,54.80	
821261819,12,497,41.42	
821776142,24,4163,173.46	
822217325,1,54,54.00	
822317168,1,160,160.00	
822321815,2,126,63.00	
822321866,3,147,49.00	
822322412,3,325,108.33	
822322439,15,1109,73.93	
822326744,1,124,124.00	
822326795,1,124,124.00	
822327317,1,110,110.00	
822516284,1,353,353.00	
822526409,1,322,322.00	
823029751,15,1482,98.80	
823029778,28,2130,76.07	
823412881,2,426,213.00	
823927156,1,89,89.00	
824514661,2,330,165.00	
824518918,6,2252,375.33	
824518993,6,806,134.33	
824519515,11,1958,178.00	
824519566,25,1538,61.52	
824603761,3,313,104.33	
824793013,1,111,111.00	
824824342,3,271,90.33	
824828623,6,657,109.50	
824829271,3,232,77.33	
825433312,6,2139,356.50	
825438292,6,1457,242.83	
825615895,4,215,53.75	
825616417,1,153,153.00	
825617014,2,125,62.50	
826209432,2,203,101.50	
826210341,2,990,495.00	
826313922,1,28,28.00	
826331106,5,478,95.60	
826331181,1,259,259.00	
826410081,2,204,102.00	
826513611,1,432,432.00	
826513662,1,82,82.00	
826906575,5,546,109.20	
827605218,3,365,121.67	
828884420,2,63,31.50	
829420592,1,73,73.00	
829814000,4,596,149.00	
830737022,12,1773,147.75	
830737073,7,479,68.43	
830820620,1,57,57.00	
830820698,1,138,138.00	
830826122,2,240,120.00	
830826149,5,288,57.60	
830826173,2,1689,844.50	
833512420,384,45728,119.08	
834119943,11,955,86.82	
834194325,1,135,135.00	
835606074,5,2539,507.80	
835904334,1,81,81.00	
835918866,1,59,59.00	
836218760,8,479,59.88	
836218787,39,3601,92.33	
837133130,3,536,178.67	
837300533,1,38,38.00	
837306035,1,14,14.00	
838318126,1,68,68.00	
841207852,1,42,42.00	
842345922,4,443,110.75	
842347119,17,2668,156.94	
842383476,3,349,116.33	
8434567261,1,14,14.00	
844276790,3,198,66.00	
846401959,5,403,80.60	
847691896,2,101,50.50	
8478646280,1,102,102.00	
8497646940,1,38,38.00	
849902010,3,520,173.33	
849902037,1,49,49.00	
849902061,1,46,46.00	
849902088,1,105,105.00	
849931983,5,568,113.60	
849933129,2,81,40.50	
849936861,11,1209,109.91	
849937434,5,430,86.00	
851243967,1,725,725.00	
851705634,1,105,105.00	
851706231,8,1107,138.38	
852445598,1,268,268.00	
853034222,3,344,114.67	
853458251,3,467,155.67	
856962406,8,452,56.50	
861402146,1,566,566.00	
861710630,2,200,100.00	
861710681,3,160,53.33	
861714911,58,9240,159.31	
861753062,3,333,111.00	
865304580,4,164,41.00	
865340862,1,93,93.00	
865544832,1,178,178.00	
865546029,2,109,54.50	
867165995,52,6296,121.08	
867166517,7,915,130.71	
867166568,1,16,16.00	
867167165,1,164,164.00	
867309059,9,804,89.33	
870236288,1,123,123.00	
870239996,1,79,79.00	
870340700,3,282,94.00	
870743848,6,534,89.00	
870743872,1,53,53.00	
871541734,1,65,65.00	
871541785,1,42,42.00	
871667428,6,509,84.83	
872202925,3,418,139.33	
872202976,1,636,636.00	
872208400,1,483,483.00	
872863522,2,115,57.50	
872863549,3,926,308.67	
872863573,22,6073,276.05	
872864146,2,267,133.50	
872864170,3,563,187.67	
872864197,5,1593,318.60	
873067932,2,139,69.50	
873586875,12,1068,89.00	
873895983,4,366,91.50	
874174902,2,1003,501.50	
874174953,4,595,148.75	
874175550,5,350,70.00	
874176123,1,104,104.00	
874176174,1,649,649.00	
874212642,2,367,183.50	
874222818,2,295,147.50	
874412358,1,26,26.00	
874515963,6,1761,293.50	
874778379,11,2133,193.91	
874816092,2,186,93.00	
874830834,2,146,73.00	
874831431,3,238,79.33	
874832004,2,90,45.00	
875848451,23,3830,166.52	
876122519,4,370,92.50	
877286477,27,3206,118.74	
878052739,3,268,89.33	
878058214,5,521,104.20	
878146717,1,51,51.00	
878917519,1,140,140.00	
878917543,9,678,75.33	
879103108,2,249,124.50	
879103159,1,168,168.00	
879103183,8,658,82.25	
879305908,8,770,96.25	
879306556,1,45,45.00	
879501316,17,2043,120.18	
879611359,1,88,88.00	
879726253,1,78,78.00	
880104406,3,657,219.00	
880105003,1,100,100.00	
880118962,2,160,80.00	
880480963,2,79,39.50	
881132535,2,45,22.50	
881133159,2,52,26.00	
881257680,1,48,48.00	
881336505,3,258,86.00	
881603805,8,578,72.25	
882706209,27,2689,99.59	
882706233,20,2138,106.90	
883445522,10,4217,421.70	
883687097,3,552,184.00	
883902311,1,219,219.00	
884003132,1,65,65.00	
884003159,1,46,46.00	
884327396,5,830,166.00	
887069959,1,291,291.00	
887140270,1,56,56.00	
887307361,6,1257,209.50	
887381146,1,180,180.00	
887548288,1,72,72.00	
888643977,5,722,144.40	
888994893,1,265,265.00	
888996039,1,167,167.00	
890512590,4,308,77.00	
890898804,2,126,63.00	
891010947,2,558,279.00	
891282912,1,12,12.00	
892552700,1,88,88.00	
892876913,12,743,61.92	
893083496,1,238,238.00	
893890529,3,95,31.67	
894950509,5,514,102.80	
894992368,1,119,119.00	
896083713,1,57,57.00	
896084337,5,638,127.60	
896229912,5,343,68.60	
896229939,3,434,144.67	
896724204,1,113,113.00	
897294912,1,80,80.00	
897501225,50,5190,103.80	
898382289,1,417,417.00	
899199542,1,177,177.00	
899572502,7,978,139.71	
899578004,3,703,234.33	
899578055,1,145,145.00	
899682545,153,26980,176.34	
900416661,2,1195,597.50	
9036615224,1,32,32.00	
904201363X,1,991,991.00	
904311082,8,1188,148.50	
9051833660,2,146,73.00	
910050260,2,268,134.00	
913652776,1,32,32.00	
913836451,2,662,331.00	
913966738,4,1794,448.50	
915138204,1,69,69.00	
915368463,7,1509,215.57	
9155451896,1,52,52.00	
9163091399,3,508,169.33	
918973031,10,1275,127.50	
929167066,4,376,94.00	
929895274,4,290,72.50	
930588010,11,2267,206.09	
930751159,1,23,23.00	
931464315,16,2473,154.56	
931993458,1,35,35.00	
932551068,15,1372,91.47	
932813097,30,5107,170.23	
933546548,1,111,111.00	
935005625,16,2627,164.19	
935079173,2,137,68.50	
935950168,2,105,52.50	
936783427,1,505,505.00	
936783451,56,5959,106.41	
936799129,9,1333,148.11	
936878053,30,3522,117.40	
937381756,3,212,70.67	
937539295,6,550,91.67	
937750069,1,52,52.00	
937822507,20,1661,83.05	
937822582,19,2539,133.63	
937938025,3,218,72.67	
937958344,56,8215,146.70	
938216457,4,495,123.75	
938216481,6,549,91.50	
938294520,6,984,164.00	
939266067,10,695,69.50	
940352109,10,913,91.30	
940685892,3,442,147.33	
940880628,6,522,87.00	
941017613,1,140,140.00	
941532224,4,1105,276.25	
941668061,3,382,127.33	
942256166,8,547,68.38	
942272153,3,354,118.00	
943173698,5,1269,253.80	
943604303,2,170,85.00	
943990955,4,191,47.75	
944019196,4,437,109.25	
944092330,2,67,33.50	
945466366,4,1433,358.25	
945999763,8,1546,193.25	
954599349,1,53,53.00	
955141311,5,298,59.60	
955141338,30,2259,75.30	
961320745,39,2121,54.38	
961478020,16,1689,105.56	
9622018734,1,149,149.00	
962526681,4,241,60.25	
962536830,2,524,262.00	
9626346787,25,6204,248.16	
962636622,10,847,84.70	
962663409,1,263,263.00	
962741736,5,455,91.00	
962955906,3,88,29.33	
962955930,8,379,47.38	
963009621,4,212,53.00	
963009699,17,1220,71.76	
964084821,2,259,129.50	
964541610,7,1127,161.00	
964804271,3,750,250.00	
964896818,3,492,164.00	
965596109,7,637,91.00	
965810801,13,1210,93.08	
965832317,10,1304,130.40	
966310403,3,256,85.33	
966531035,9,1244,138.22	
966551303,6,722,120.33	
966638999,34,6499,191.15	
966806948,2,190,95.00	
967149223,3,441,147.00	
967509904,1,72,72.00	
967525942,2,217,108.50	
967616212,2,300,150.00	
967619998,5,249,49.80	
967701007,11,940,85.45	
967761913,15,1386,92.40	
967887607,4,332,83.00	
967887631,5,1364,272.80	
967909384,2,67,33.50	
967929628,5,626,125.20	
967966507,3,275,91.67	
968310001,1,49,49.00	
968827411,2,203,101.50	
969677340,13,844,64.92	
970039506,1,32,32.00	
970072155,11,1329,120.82	
970212801,5,775,155.00	
970365225,12,2843,236.92	
970434006,13,1485,114.23	
970636830,3,246,82.00	
970800525,1,41,41.00	
970837143,3,413,137.67	
970899297,7,738,105.43	
970929900,6,432,72.00	
971004900,41,5329,129.98	
971220603,4,822,205.50	
971220654,8,963,120.38	
971225508,1,119,119.00	
971282706,5,636,127.20	
971318964,3,257,85.67	
971408610,1,228,228.00	
971486778,3,224,74.67	
971487324,2,115,57.50	
971644608,6,830,138.33	
971822808,11,4016,365.09	
971949018,4,582,145.50	
972008004,3,219,73.00	
972038523,5,832,166.40	
972316515,1,159,159.00	
972326715,4,353,88.25	
972326766,4,212,53.00	
972326790,4,90,22.50	
972431802,4,468,117.00	
972558012,6,259,43.17	
972626271,7,578,82.57	
972672702,3,269,89.67	
972805028,52,4544,87.38	
972918779,2,93,46.50	
973668806,24,2422,100.92	
974000930,1,186,186.00	
974064203,2,287,143.50	
974079308,5,861,172.20	
974132411,3,316,105.33	
974189324,3,132,44.00	
974242403,4,300,75.00	
974267600,48,7128,148.50	
974293814,8,4089,511.12	
974515205,14,3050,217.86	
974603708,10,2463,246.30	
974992100,6,381,63.50	
975318004,1,185,185.00	
975548239,1,201,201.00	
975963007,7,1461,208.71	
976063204,13,1190,91.54	
976660504,1,27,27.00	
976791463,14,3650,260.71	
9768184388,2,219,109.50	
976996006,2,158,79.00	
977090779,1,80,80.00	
9810211694,2,171,85.50	
9810217145,2,246,123.00	
9810226721,4,774,193.50	
9812101217,1,200,200.00	
9812561501,1,118,118.00	
9814021237,1,30,30.00	
9962629322,1,32,32.00	
9962629349,1,49,49.00	
9999275109,1,101,101.00	
B000063D6P,1,70,70.00	
B000063D89,1,33,33.00	
B000063D8K,1,119,119.00	
B000063D8W,1,76,76.00	
B000063D9S,1,27,27.00	
B000067GBX,4,288,72.00	
B00008K3OC,1,29,29.00	
B00009KH58,6,829,138.17	
B0000AKAZZ,1,32,32.00	
B00069QMX4,5,1251,250.20	
B0006SHMFM,3,223,74.33	
B0006SHMOS,131,18674,142.55	
B0007SAA9Q,1,177,177.00	
B0007SE178,1,79,79.00	
B0008DQH1A,1,17,17.00	
B0008E8NF2,1,83,83.00	
B0008FFQUG,1,16,16.00	
B0008FOSJG,2,73,36.50	
B0008HMKL2,1,279,279.00	
B0008KKXFE,1,129,129.00	
B00092T14K,1,123,123.00	
B00097HC1O,2,66,33.00	
B00097HC32,3,276,92.00	
B00097HC3M,2,66,33.00	
B00097HC50,1,47,47.00	
B00097HC5K,4,684,171.00	
B00098M0YC,1,39,39.00	
B0009GSVYM,1,19,19.00	
B0009SRZBU,36,6220,172.78	
B0009W8B0A,17,3594,211.41	
B000FGGL70,36,8204,227.89	
B000FGGL7K,3,377,125.67	
B000FGGL8Y,1,99,99.00	
B000FGGL9I,19,2761,145.32	
B000FGGLCK,58,11059,190.67	
B000FGGLGG,5,636,127.20	
B000FGGLIE,4,235,58.75	
B000FGGLJ8,20,3466,173.30	
B000FGGLL6,3,136,45.33	
B000FGGLNO,4,224,56.00	
B000FGGLPM,1,119,119.00	
B000FGGLRK,3,517,172.33	
B000FGGLSY,9,1816,201.78	
B000FGGLUW,2,584,292.00	
B000FGGLVG,7,629,89.86	
B000FGGLWU,1,247,247.00	
B000FGGLXE,4,300,75.00	
B000FJBR8U,1,44,44.00	
B000FJGQ3G,1,171,171.00	
B000FJGQAE,5,250,50.00	
B000FJGQBS,2,733,366.50	
B000FJGQDQ,1,121,121.00	
B000FKPAN2,5,379,75.80	
B000FKPAPK,3,150,50.00	
B000FKPAQY,8,576,72.00	
B000FKPASW,4,287,71.75	
B000FKPATG,3,148,49.33	
B000FKPAWS,1,30,30.00	
B000FKPAXC,21,1700,80.95	
B000FKPAY6,6,537,89.50	
B000FKPAYQ,9,931,103.44	
B000FKPAZA,3,144,48.00	
B000FNWPFK,1,37,37.00	
B000FO5A10,1,35,35.00	
B000FO5A2Y,1,178,178.00	
B000FO5A3I,4,639,159.75	
B000FO5A4W,18,1987,110.39	
B000FO5A8S,1,69,69.00	
B000FO5AAG,3,263,87.67	
B000FO5ABU,1,31,31.00	
B000FO5AEC,9,2457,273.00	
B000FO5AF6,11,1216,110.55	
B000FO5AGA,4,586,146.50	
B000FO5ALK,1,150,150.00	
B000FO5AOW,1,21,21.00	
B000FO5APG,1,104,104.00	
B000FO5AQU,2,105,52.50	
B000FO5ARE,2,99,49.50	
B000FO5AS8,8,1084,135.50	
B000FO5ASS,1,28,28.00	
B000FO5AUQ,2,164,82.00	
B000FO790U,1,127,127.00	
B000FO7946,4,217,54.25	
B000FO795A,16,1223,76.44	
B000FO7964,2,375,187.50	
B000FO7L3K,8,1033,129.12	
B000FO7L4Y,5,1049,209.80	
B000FO7L5I,3,497,165.67	
B000FO7L6W,2,175,87.50	
B000FO7L7G,1,37,37.00	
B000FO7L9E,1,27,27.00	
B000FO7LCG,1,175,175.00	
B000FO7LF8,11,923,83.91	
B000FO7LGC,2,125,62.50	
B000FO7LJ4,1,20,20.00	
B000FO7LPI,2,258,129.00	
B000FO7LU8,1,220,220.00	
B000FO7LYO,36,6203,172.31	
B000FQ4H9Y,17,2543,149.59	
B000FQ4HB2,7,862,123.14	
B000FQ4HBM,20,2629,131.45	
B000FQ4HD0,61,8435,138.28	
B000FQ4HDK,21,3235,154.05	
B000FQ4HEY,7,509,72.71	
B000FQ4HFI,15,1344,89.60	
B000FQ4HGW,9,1000,111.11	
B000FQ4HHG,11,1027,93.36	
B000FQ4HJE,47,4334,92.21	
B000FQ4HK8,3,148,49.33	
B000FQ4HLC,3,199,66.33	
B000FQ4HMQ,22,1613,73.32	
B000FQ4HO4,3,213,71.00	
B000FQ4HOO,5,461,92.20	
B000FQ4HQ2,57,5348,93.82	
B000FQ4HQM,5,422,84.40	
B000FQ4HSK,20,1352,67.60	
B000FQ4HTY,9,724,80.44	
B000FQ4HUI,3,215,71.67	
B000FQ4HVW,17,2688,158.12	
B000FQ4HWG,14,1317,94.07	
B000FQ4HXU,22,2537,115.32	
B000FQ4HZ8,2,184,92.00	
B000FQ4HZS,14,923,65.93	
B000FQ7OX0,16,4237,264.81	
B000FUFS4I,2,122,61.00	
B000FUFS5W,2,114,57.00	
B000FUFSES,1,107,107.00	
B000FUFSG6,1,25,25.00	
B000FUFSI4,7,2037,291.00	
B000FUFSM0,1,34,34.00	
B000FUFSNY,1,122,122.00	
B000FUFSOI,7,1382,197.43	
B000FUTTES,1,102,102.00	
B000FWGR00,1,70,70.00	
B000FWGR6E,1,143,143.00	
B000FWGR78,1,139,139.00	
B000FWGREQ,2,162,81.00	
B000FWGRKK,1,108,108.00	
B000FWGRT6,1,66,66.00	
B000FWGRVO,1,348,348.00	
B000FWGRX2,4,935,233.75	
B000FZE894,2,279,139.50	
B000FZE8IK,1,89,89.00	
B000FZE8LW,7,443,63.29	
B000FZE8OE,1,136,136.00	
B000FZE8PS,2,298,149.00	
B000FZE8QC,8,1087,135.88	
B000FZE8T4,1,52,52.00	
B000FZE8XK,1,30,30.00	
B000GG4J00,66,11591,175.62	
B000GG4J2I,3,411,137.00	
B000GIW3OW,1,60,60.00	
B000GIW3PG,1,60,60.00	
B000GPP400,6,255,42.50	
B000GPP42I,8,363,45.38	
B000GPP46E,24,2189,91.21	
B000GPP478,3,120,40.00	
B000GPP47S,2,117,58.50	
B000GPP48C,28,2128,76.00	
B000GPP496,8,593,74.12	
B000GPP4AU,1,53,53.00	
B000GPP4BE,14,882,63.00	
B000GPP4C8,4,153,38.25	
B000GPP4CS,4,309,77.25	
B000GPP4DC,3,257,85.67	
B000GPP4EQ,3,228,76.00	
B000GPP4FA,12,786,65.50	
B000GPP4GO,11,1261,114.64	
B000GPP4PU,5,671,134.20	
B000GPP4QE,22,2080,94.55	
B000GPP4R8,2,108,54.00	
B000GPP4T6,22,3433,156.05	
B000GYI80E,4,596,149.00	
B000GYI81S,2,100,50.00	
B000GYI82C,6,1361,226.83	
B000GYI83Q,3,326,108.67	
B000GYI854,3,1337,445.67	
B000GYI85O,1,2568,2568.00	
B000GYI87M,2,383,191.50	
B000GYI8A4,1,165,165.00	
B000GYI8HW,1,90,90.00	
B000GYI8IG,4,509,127.25	
B000GYI8JU,3,430,143.33	
B000GYI8KE,9,897,99.67	
B000GYI8L8,1,33,33.00	
B000GYI8LS,10,3673,367.30	
B000GYI8MC,4,406,101.50	
B000GYI8NQ,1,126,126.00	
B000GYI8PO,1,186,186.00	
B000GYI8R2,1,205,205.00	
B000GYI8RM,1,659,659.00	
B000GYI8T0,2,173,86.50	
B000GYI8TK,2,58,29.00	
B000GYI8VI,1,595,595.00	
B000GYI8XG,8,3500,437.50	
B000GYI8YU,2,146,73.00	
B000GYI8ZE,4,261,65.25	
B000GYIKT8,1,200,200.00	
B000H2M6W6,1,108,108.00	
B000HTP96Y,3,389,129.67	
B000HWYS9K,2,100,50.00	
B000IOF1AC,13,588,45.23	
B000J4OU0S,1,75,75.00	
B000J4OU26,1,74,74.00	
B000J4OU2Q,1,61,61.00	
B000J4OU6M,1,92,92.00	
B000J4OU9Y,1,75,75.00	
B000J4OUB2,2,144,72.00	
B000J4OUD0,1,78,78.00	
B000J4OUDK,1,82,82.00	
B000J4OULC,2,807,403.50	
B000J4OUO4,1,45,45.00	
B000MKYL0S,38,6780,178.42	
B000MV852W,2,166,83.00	
B000MV853G,1,26,26.00	
B000MV854U,1,63,63.00	
B000MV855E,1,105,105.00	
B000MV857C,1,24,24.00	
B000MV8586,18,1802,100.11	
B000MV85AE,2,277,138.50	
B000MV85BS,1,348,348.00	
B000MV85H2,2,275,137.50	
B000MV85HM,5,484,96.80	
B000MV8HTI,5,1218,243.60	
B000N3TLZE,2,43,21.50	
B000O5B6GS,33,5054,153.15	
B000O797OE,10,1793,179.30	
B000PC0F9E,1,34,34.00	
